10 737
-1.0 1.0 -1.395869 -3.373008 -1.733862 1.224734 2.795819 1.656989 -0.806339 -0.448395 1.000000
-1.0 1.0 3.631415 -0.043474 -2.229289 -0.214679 1.997028 0.285358 -2.502313 -4.272587 -1.000000
-1.0 1.0 -6.559207 -1.998219 6.772611 6.237480 -2.399846 -5.128623 -2.758519 2.081338 1.000000
-1.0 1.0 2.480765 1.602352 1.417116 1.770472 1.839011 -2.996916 -3.859484 1.344080 -1.000000
-1.0 1.0 -6.427142 -4.387823 2.883442 6.246197 1.457246 -3.741677 -0.246873 3.142851 1.000000
-1.0 1.0 1.208767 0.669545 -2.197997 -0.925096 2.948051 1.465611 -1.456187 -0.807375 -1.000000
-1.0 1.0 -6.465988 -5.324813 4.698204 7.093320 1.032722 -3.020027 -0.250199 0.596958 1.000000
-1.0 1.0 1.005183 -2.127136 0.913995 1.784245 -2.605647 -4.439754 -0.892173 2.874200 -1.000000
-1.0 1.0 -3.853183 0.884469 3.652038 0.343175 -1.683377 1.074231 0.661846 -2.339404 1.000000
-1.0 1.0 0.557209 2.302419 2.014194 -4.744836 -6.572612 0.914288 6.845623 2.429174 -1.000000
-1.0 1.0 -4.859732 -4.792272 3.459200 1.584448 -3.105121 1.484214 1.478594 -4.842407 1.000000
-1.0 1.0 -1.326250 -0.588254 1.835414 -1.365021 -1.717893 0.000533 0.343289 3.019177 -1.000000
-1.0 1.0 -0.020252 -0.203185 2.778102 -1.878284 -4.161173 -0.766395 3.508635 0.655024 1.000000
-1.0 1.0 -2.651560 0.259623 4.778824 -0.060989 -4.015747 -0.727910 -0.378664 1.922936 -1.000000
-1.0 1.0 -7.750272 0.466165 8.282945 2.631313 -0.209571 -0.215181 1.727951 -0.165879 1.000000
-1.0 1.0 -0.284301 0.257360 0.627642 -2.119903 -4.417799 0.307005 4.536841 2.721508 -1.000000
-1.0 1.0 -4.505993 0.536475 5.704038 6.277083 0.322295 -4.859775 -5.103230 2.747600 1.000000
-1.0 1.0 -0.987755 0.470839 3.022515 -0.799716 -3.792256 -1.584924 0.754860 2.511573 -1.000000
-1.0 1.0 -5.274820 -1.270153 4.833678 1.682098 0.331171 1.222452 -0.248264 -1.443261 1.000000
-1.0 1.0 0.709806 -1.263822 1.493463 0.471096 -1.038849 0.192471 1.122329 0.222192 -1.000000
-1.0 1.0 1.167404 -3.630589 -5.403685 -3.860001 1.946320 2.824634 0.910296 -0.876913 1.000000
-1.0 1.0 1.402246 -0.117399 -0.895159 -5.094422 -3.119578 5.198568 6.384532 -0.607105 -1.000000
-1.0 1.0 -3.230123 -0.273317 4.335467 -0.647705 -4.807259 0.140156 5.650179 2.053909 1.000000
-1.0 1.0 1.649122 -2.566420 -0.068302 -1.211274 -6.708200 0.957796 8.072636 4.938648 -1.000000
-1.0 1.0 -1.478580 2.633101 3.781106 3.027761 -1.355638 -4.046839 0.632956 2.453391 1.000000
-1.0 1.0 -0.575572 0.282959 1.196774 0.723287 -4.083476 -2.257985 2.776436 4.189027 -1.000000
-1.0 1.0 -2.732164 -0.823177 2.359047 6.099736 2.330608 -3.223949 -2.218203 -2.427879 1.000000
-1.0 1.0 4.885494 -0.880464 -3.563875 -3.126188 -1.440891 3.186513 4.919387 0.587901 -1.000000
-1.0 1.0 -2.689302 1.841914 4.952671 1.506443 -1.003059 -1.471272 -3.159814 -0.076543 1.000000
-1.0 1.0 -1.178433 -0.169116 -1.367417 -1.614593 -0.428147 1.989052 3.143122 0.823479 -1.000000
-1.0 1.0 -3.918572 1.493222 4.348712 1.298331 0.239881 -1.807472 -4.129306 -2.310989 1.000000
-1.0 1.0 0.838216 -1.040384 0.836477 1.102892 -0.932633 -2.960787 0.261962 0.470270 -1.000000
-1.0 1.0 -1.488308 0.498028 1.717427 1.361846 -1.746050 -3.174139 0.760905 3.173599 1.000000
-1.0 1.0 1.371936 0.311103 -0.160165 2.046297 2.472626 -0.167425 -2.121547 -3.122732 -1.000000
-1.0 1.0 -5.681504 1.056880 6.441275 3.561565 -3.980787 -4.237574 -0.521239 3.174092 1.000000
-1.0 1.0 -0.278784 3.531949 3.062027 1.562784 0.197395 -2.801525 -3.152288 -0.495027 -1.000000
-1.0 1.0 -2.556273 0.454929 5.130562 2.895238 -1.216243 -2.456724 -2.671429 -0.888099 1.000000
-1.0 1.0 -0.527805 -6.397654 -0.856560 3.569516 0.702010 -0.262664 -1.717008 -0.802528 -1.000000
-1.0 1.0 -2.814817 0.286442 2.911308 0.560757 -1.014605 -0.967299 0.978015 1.298701 1.000000
-1.0 1.0 -0.066365 -1.070890 -0.328428 0.499163 0.305529 -1.561042 -4.706031 0.352638 -1.000000
-1.0 1.0 -8.141369 -3.173874 3.635724 6.770399 2.716776 -1.200135 -2.507486 -0.854750 1.000000
-1.0 1.0 -2.924387 1.249534 3.654032 -1.678352 1.294828 -1.515619 -1.305222 -0.313034 -1.000000
-1.0 1.0 -4.517647 -7.312846 0.029873 4.905429 1.820914 -0.022708 -3.405400 -1.746846 1.000000
-1.0 1.0 -2.683082 -1.054028 2.035361 1.990328 1.653075 1.198652 -2.489097 -4.771350 -1.000000
-1.0 1.0 -4.436805 0.223793 5.363997 5.340485 -1.715578 -3.722853 -0.881401 0.264676 1.000000
-1.0 1.0 5.129313 0.368775 -2.484228 -3.672485 -0.841918 0.746176 2.128284 1.110202 -1.000000
-1.0 1.0 2.147277 2.741426 0.697742 -1.732227 -0.157068 2.031470 2.022144 -1.562394 1.000000
-1.0 1.0 2.658241 0.147825 -2.165079 -2.215621 -3.215509 2.658906 4.719398 0.990915 -1.000000
-1.0 1.0 -3.509979 0.103331 3.675776 1.047879 -1.914412 -2.547976 2.299456 3.996851 1.000000
-1.0 1.0 3.481065 -2.610653 -2.772041 0.002261 0.250025 -1.234648 0.094173 1.213338 -1.000000
-1.0 1.0 -4.507483 -0.418939 4.284748 2.996423 0.667663 -2.897933 -3.774923 0.622885 1.000000
-1.0 1.0 0.783912 -0.906369 0.824510 -2.238062 -1.327413 2.493497 2.040865 -0.682556 -1.000000
-1.0 1.0 -4.254983 -1.109233 8.952906 6.951351 -4.012298 -7.800317 -3.208121 0.687443 1.000000
-1.0 1.0 0.170458 1.030022 0.019227 1.438560 -0.639107 -1.418658 -0.062724 1.897352 -1.000000
-1.0 1.0 1.742944 -0.109615 -0.482779 3.640684 3.067911 -3.197231 -3.577446 0.237508 1.000000
-1.0 1.0 5.626834 -0.179198 -4.433142 -0.126230 3.359918 2.256184 -0.625908 -6.887254 -1.000000
-1.0 1.0 -4.827624 -6.316119 -1.322789 5.319461 5.309805 0.967289 -2.204206 -3.432519 1.000000
-1.0 1.0 -0.561266 1.120388 -2.463938 -3.590888 -0.766843 1.193132 1.928297 0.596296 -1.000000
-1.0 1.0 -1.453605 -5.313133 -1.709388 2.504672 0.727173 -0.572355 1.222777 4.935902 1.000000
-1.0 1.0 1.861566 2.770559 0.915647 0.344513 -0.149181 -1.565589 -1.497457 1.560777 -1.000000
-1.0 1.0 -3.076986 0.631630 5.894439 4.418562 -1.930270 -5.130912 -0.011920 3.388190 1.000000
-1.0 1.0 0.858242 0.025522 -0.391298 0.910790 0.089390 -1.746888 -3.333426 -2.651316 -1.000000
-1.0 1.0 -3.381378 -1.295978 5.277393 6.281686 -0.756502 -6.697316 -7.005804 1.387560 1.000000
-1.0 1.0 -2.349069 0.534940 -0.953922 -1.390710 0.840852 0.869087 1.537195 1.394774 -1.000000
-1.0 1.0 -7.850872 0.225669 5.981087 2.076269 -0.669138 -2.245046 -1.167182 0.892607 1.000000
-1.0 1.0 -2.635302 -0.999129 0.620810 0.323723 -0.203743 -2.195266 -2.071434 -0.834775 -1.000000
-1.0 1.0 -2.256440 -2.019712 0.432279 3.080719 1.037959 -2.348336 -0.289555 1.847262 1.000000
-1.0 1.0 -1.144746 1.831472 -0.294655 0.281983 0.955284 -2.078245 -0.388556 3.929701 -1.000000
-1.0 1.0 0.870544 2.314964 3.855128 0.761994 -1.808956 -1.818933 -0.499177 0.187727 1.000000
-1.0 1.0 -1.108231 1.350575 3.114484 0.141126 -1.921315 -4.512851 -2.897695 2.764847 -1.000000
-1.0 1.0 -4.529084 0.693667 4.767553 1.068048 -0.188737 -2.624386 -1.566511 2.826297 1.000000
-1.0 1.0 1.234819 5.899575 2.833144 -0.665565 -1.961817 -2.775253 -3.541321 1.431566 -1.000000
-1.0 1.0 -2.380728 1.473002 2.805371 -1.845869 -1.736651 2.550300 0.980689 -0.708401 1.000000
-1.0 1.0 -1.041916 5.369323 3.809386 -0.591197 -1.211232 -1.629764 -2.514009 2.357288 -1.000000
-1.0 1.0 -1.695104 0.834793 3.717040 2.041817 -2.676944 -3.281299 -1.768255 3.971981 1.000000
-1.0 1.0 -0.824260 1.000739 0.198162 1.890332 -0.486674 -2.020147 -0.360530 1.081707 -1.000000
-1.0 1.0 -3.306326 -0.275582 2.914291 2.926601 1.930324 -0.898880 -4.184739 -1.898683 1.000000
-1.0 1.0 4.846394 -2.197677 -3.029158 0.187268 -1.110643 1.308549 2.393281 0.835898 -1.000000
-1.0 1.0 -4.637275 -0.162718 4.505248 2.257780 -2.400125 -0.171833 0.154360 -2.394545 1.000000
-1.0 1.0 0.051567 0.626915 1.666417 0.218361 -0.402581 2.280851 1.163010 -1.395540 -1.000000
-1.0 1.0 0.746285 -2.301499 -1.140381 0.805663 0.192644 0.209451 3.521637 3.029560 1.000000
-1.0 1.0 1.606663 -1.778142 -2.868861 2.411528 3.673236 -2.099487 -1.967733 1.311764 -1.000000
-1.0 1.0 -2.229042 -2.832710 2.411055 3.490916 1.555886 -2.097694 -2.571790 1.248395 1.000000
-1.0 1.0 -0.540373 -3.573352 -2.147836 3.493948 3.604010 2.626258 0.128324 -0.881966 -1.000000
-1.0 1.0 -6.783725 -0.722109 5.612323 4.761030 1.009703 -3.253988 -7.021706 -2.413093 1.000000
-1.0 1.0 -0.209540 -1.832609 -5.175480 -3.657328 1.512360 3.375660 1.346512 -3.449751 -1.000000
-1.0 1.0 -2.264910 0.283828 3.162886 3.773020 0.109350 -3.378797 -6.434339 -4.411104 1.000000
-1.0 1.0 0.522100 1.893445 1.225010 -1.855065 -1.536208 0.661922 2.293012 0.332330 -1.000000
-1.0 1.0 -3.597065 0.435145 4.246859 0.739664 -1.705713 0.366944 3.336973 0.063935 1.000000
-1.0 1.0 -0.899008 -1.866907 -2.606705 -1.881665 -0.162636 0.941922 1.050642 0.297121 -1.000000
-1.0 1.0 -2.938720 -5.569146 2.462740 7.836606 -0.316030 -6.005887 -1.898740 2.433950 1.000000
-1.0 1.0 -0.825826 -2.531201 0.486095 0.513142 -1.618497 1.086761 -0.807183 -1.300535 -1.000000
-1.0 1.0 -4.094257 3.683511 9.216578 3.040559 -3.173506 -1.425622 -1.086569 -1.672086 1.000000
-1.0 1.0 1.511592 -4.239107 -3.871993 0.426447 0.989609 2.004716 1.883108 3.616751 -1.000000
-1.0 1.0 -5.261524 0.363993 5.998025 1.611231 -4.000741 -4.828507 3.470541 6.240095 1.000000
-1.0 1.0 0.442902 -2.064683 -2.443911 -3.753563 -1.216878 2.875600 5.337026 -0.327949 -1.000000
-1.0 1.0 -1.317553 -3.153951 -1.475320 2.489552 0.640788 0.258409 -0.234667 2.260926 1.000000
-1.0 1.0 0.367369 -0.498132 -2.419212 0.078455 2.254918 3.633741 2.046178 -0.437734 -1.000000
-1.0 1.0 -3.545353 -0.101441 3.437218 1.057383 -1.702603 -2.087815 -2.504293 0.269825 1.000000
-1.0 1.0 -2.193605 -1.863362 -0.599708 1.685474 -1.823986 -1.891369 3.257109 3.610244 -1.000000
-1.0 1.0 -6.045504 -0.781988 7.427950 5.117310 -3.547679 -2.000739 -0.591839 0.911657 1.000000
-1.0 1.0 -1.290262 0.768807 5.319875 3.430098 -2.640234 -1.599026 0.774750 -2.636216 -1.000000
-1.0 1.0 -3.690530 3.037435 4.494273 -1.614094 -3.366932 2.031801 2.285598 -2.308159 1.000000
-1.0 1.0 -0.365502 -1.192114 0.036190 0.080780 -0.457994 0.041836 1.303334 2.424914 -1.000000
-1.0 1.0 -2.372851 2.599000 3.981773 0.256734 -3.005462 -5.059491 -1.280124 6.308872 1.000000
-1.0 1.0 -2.265235 -1.219719 0.092821 0.231028 -0.137132 0.386518 0.179665 -2.840316 -1.000000
-1.0 1.0 -6.811319 -1.195746 6.852297 7.083828 -0.651531 -3.561035 -2.295494 -1.070570 1.000000
-1.0 1.0 1.754243 0.162850 -3.155494 -1.283752 -2.537754 1.806983 3.711941 -1.050293 -1.000000
-1.0 1.0 -1.925275 -1.239436 0.000787 2.535263 0.208455 -5.399212 -3.792994 1.260143 1.000000
-1.0 1.0 0.229396 -2.868806 -2.795721 -1.541314 -0.156172 0.851428 0.347721 0.029672 -1.000000
-1.0 1.0 -2.206944 0.192308 1.113824 0.565450 1.423812 -1.233353 -0.436462 1.020398 1.000000
-1.0 1.0 3.074011 1.818102 -3.716580 -3.394184 0.364479 3.779530 3.801001 1.399818 -1.000000
-1.0 1.0 -4.825525 0.497206 2.444581 3.079417 2.722080 -0.065981 -5.085661 -3.887761 1.000000
-1.0 1.0 3.818013 -0.438975 0.522292 2.315024 -0.349388 0.084554 -1.582888 -8.420192 -1.000000
-1.0 1.0 -3.671534 2.354321 8.098296 4.323148 -1.452595 -5.118988 -5.137065 -1.168683 1.000000
-1.0 1.0 3.048217 0.887897 -3.543415 -3.549041 3.159260 6.252383 -0.113273 -4.257079 -1.000000
-1.0 1.0 -5.541216 -5.005261 0.666930 6.559967 2.794870 -3.021730 -2.536833 1.129241 1.000000
-1.0 1.0 1.938411 1.091075 0.593289 -0.852584 -4.464811 -1.840737 2.933371 3.438558 -1.000000
-1.0 1.0 -1.396708 0.508893 -0.056388 1.051092 -0.044107 -2.138241 3.054862 6.274644 1.000000
-1.0 1.0 2.556248 -0.355846 -4.255759 -3.168208 2.322707 2.803957 1.480025 -1.745992 -1.000000
-1.0 1.0 -6.135192 -2.765850 4.636271 6.531926 1.633481 -3.064363 -3.980491 0.114409 1.000000
-1.0 1.0 0.831666 -3.289376 -3.862269 2.201104 5.011244 1.303648 -3.638213 -4.323255 -1.000000
-1.0 1.0 -4.041622 0.274208 7.129910 6.293982 0.173178 -4.391218 -2.158537 -0.606190 1.000000
-1.0 1.0 4.597317 -1.221490 -3.967216 -2.543204 2.991538 3.579592 -0.628990 -3.507160 -1.000000
-1.0 1.0 -3.826593 -2.441307 3.614514 4.642083 0.592438 -1.966392 -0.792015 0.087763 1.000000
-1.0 1.0 1.413016 2.339482 2.448652 2.027867 -4.140460 -5.899691 -2.519406 1.333856 -1.000000
-1.0 1.0 -2.806282 -2.059829 1.143455 3.110096 1.793052 -1.196559 -3.668334 -3.310560 1.000000
-1.0 1.0 -1.854114 2.452325 2.674596 -0.080843 -1.209118 -2.312997 -0.047264 -0.229113 -1.000000
-1.0 1.0 -4.243750 -2.646824 1.498258 3.245051 -1.718715 0.628724 3.508485 1.122191 1.000000
-1.0 1.0 2.059424 2.221664 1.365552 -0.130332 -0.392301 -0.781771 0.430308 -0.618304 -1.000000
-1.0 1.0 -4.386630 0.661519 2.883709 1.320294 3.322904 -0.165410 -4.628127 -1.613501 1.000000
-1.0 1.0 1.151791 1.819589 0.496427 -1.971546 -4.585915 -3.284213 4.305572 5.166161 -1.000000
-1.0 1.0 -1.949072 3.548785 5.945806 0.288950 -4.709120 -0.662974 5.704957 0.508688 1.000000
-1.0 1.0 -0.256069 2.196080 -0.323706 -2.041702 -0.590174 3.360394 -1.104678 -2.743516 -1.000000
-1.0 1.0 -3.877334 -1.587653 1.871988 5.988127 3.054143 -4.912230 -1.799164 3.808590 1.000000
-1.0 1.0 -1.951999 -3.438935 0.484643 3.415920 1.445384 -1.784091 -1.044511 0.120903 -1.000000
-1.0 1.0 -3.469351 -0.898531 0.390783 3.114714 4.144122 -0.701062 -3.557609 -1.965074 1.000000
-1.0 1.0 2.288854 -2.679525 -3.854880 -1.185113 1.832214 1.991294 2.111176 -2.707099 -1.000000
-1.0 1.0 -3.001594 1.817332 4.425116 -0.266115 -2.376084 -0.157806 0.133107 0.108095 1.000000
-1.0 1.0 -1.145313 -2.343318 3.564362 4.522709 1.784014 -2.131218 -6.937816 -6.281080 -1.000000
-1.0 1.0 -10.977365 -1.811294 7.603156 3.308308 0.626486 0.040988 0.689504 -3.672032 1.000000
-1.0 1.0 1.559590 2.497588 -0.732140 -2.716704 -1.646366 0.277432 1.162405 0.045845 -1.000000
-1.0 1.0 -0.712723 0.890642 3.316998 2.447746 0.287646 -4.140840 -3.258924 1.475020 1.000000
-1.0 1.0 -2.857440 -0.017469 1.081545 -1.950939 1.686486 2.506733 -2.290213 -6.854899 -1.000000
-1.0 1.0 -2.052891 1.891095 2.021059 1.266546 0.425071 -1.389140 -0.621095 1.262507 1.000000
-1.0 1.0 -0.535140 0.479888 2.936670 1.692727 -1.740388 1.049518 1.695831 -2.274505 -1.000000
-1.0 1.0 -5.072843 -2.918256 3.994164 5.663047 0.855310 -4.462621 -3.305225 1.564901 1.000000
-1.0 1.0 -3.995429 -0.382171 2.124652 1.749218 -0.518122 0.287659 -0.619755 -1.760932 -1.000000
-1.0 1.0 0.370047 -0.227673 1.320037 0.593624 -3.343516 -3.632865 1.636125 3.638198 1.000000
-1.0 1.0 4.175008 -1.623691 -3.409819 0.696921 1.783472 0.452202 0.468755 -3.223526 -1.000000
-1.0 1.0 -5.999030 2.281679 5.219531 0.677003 -0.134718 -1.232468 -1.158346 0.704206 1.000000
-1.0 1.0 1.826851 -0.655895 -4.547794 -2.834788 1.875430 5.009429 1.579032 -0.345708 -1.000000
-1.0 1.0 -0.618933 4.514083 3.203624 -0.073196 -2.881812 -0.166218 0.256573 -0.678521 1.000000
-1.0 1.0 1.652690 1.677221 0.368458 -2.406114 1.797741 5.071857 1.180025 -4.097563 -1.000000
-1.0 1.0 -4.411539 -4.512640 1.549179 4.689967 2.764291 -1.511585 -3.373755 1.286422 1.000000
-1.0 1.0 1.081227 0.519616 0.124061 1.582089 -0.479745 -1.852231 -0.624019 -1.335307 -1.000000
-1.0 1.0 -4.257865 3.143740 2.536677 1.723066 0.494507 -1.971944 -2.497833 1.156183 1.000000
-1.0 1.0 -1.364449 -2.532276 -1.098420 -1.459035 -1.375574 1.221130 2.455789 -0.024284 -1.000000
-1.0 1.0 4.610913 -1.835979 -3.264070 2.730854 0.925850 -2.539089 -3.973988 0.179328 1.000000
-1.0 1.0 -2.249908 1.158391 2.485673 -0.105442 -2.753827 -1.275870 3.240849 4.905232 -1.000000
-1.0 1.0 -8.003349 -2.206454 3.110004 4.928049 1.822668 -1.095352 -3.476196 -1.404778 1.000000
-1.0 1.0 2.676401 0.978891 -1.294920 -1.579329 -0.456446 -0.051010 -1.342061 -1.904701 -1.000000
-1.0 1.0 -5.707961 -0.213502 4.137346 3.021056 -2.819616 -1.382544 0.097321 -0.275619 1.000000
-1.0 1.0 -2.247033 -0.497749 2.355261 2.980437 -1.400772 -0.251690 -2.585494 -2.843208 -1.000000
-1.0 1.0 -8.202312 0.035814 9.578819 4.424297 -5.010251 -4.074195 3.024536 4.801329 1.000000
-1.0 1.0 0.952225 -6.752568 -4.340218 0.104056 2.872360 1.690884 0.534743 0.213246 -1.000000
-1.0 1.0 -0.344504 -2.878527 -0.788269 0.235054 2.088130 1.139907 -1.436649 -0.764288 1.000000
-1.0 1.0 -3.292837 2.107635 7.638824 2.084110 -7.947588 -4.990716 0.909338 0.768899 -1.000000
-1.0 1.0 -5.353981 -2.913265 2.195102 5.589520 1.920941 -3.369436 -0.912094 0.729260 1.000000
-1.0 1.0 -3.521648 -0.284822 1.160586 3.460829 0.112244 -1.926275 1.258211 2.606249 -1.000000
-1.0 1.0 -1.180122 -1.538752 2.336547 3.033589 0.500818 -4.016404 -2.826629 0.835855 1.000000
-1.0 1.0 1.518669 2.220308 2.587506 1.221411 -3.609559 -4.910159 2.099156 3.826974 -1.000000
-1.0 1.0 -1.934962 -4.594978 1.811177 4.549560 -1.955571 -5.136419 -1.446790 0.851833 1.000000
-1.0 1.0 -1.595368 -0.312358 -0.213835 -1.547875 1.482297 3.484724 0.965171 -4.364522 -1.000000
-1.0 1.0 -2.713825 -4.182691 1.572008 2.345688 0.740681 -0.941616 0.138401 1.089880 1.000000
-1.0 1.0 -1.422618 0.986844 0.131705 1.457541 0.790681 -2.023623 -1.220760 -0.083739 -1.000000
-1.0 1.0 -3.372318 -4.123334 4.113681 4.188381 -2.206665 -3.149919 -1.063900 -0.308420 1.000000
-1.0 1.0 0.766503 0.563126 -0.485615 -1.775592 -0.474926 0.034225 -0.540654 1.664129 -1.000000
-1.0 1.0 0.860736 1.827460 1.574776 3.514188 1.484761 -2.037898 -2.783780 1.191912 1.000000
-1.0 1.0 1.018067 1.799205 -1.556027 -3.171295 -4.246596 4.456190 9.924476 1.416167 -1.000000
-1.0 1.0 -2.428145 -3.109539 1.131677 2.838272 2.605853 -0.359104 -4.124259 -3.416654 1.000000
-1.0 1.0 -2.134728 -1.849397 1.094645 1.410406 -0.031662 1.499101 2.633758 1.747057 -1.000000
-1.0 1.0 -0.650555 -1.321376 4.742836 4.364342 -2.314079 -3.547944 -0.555756 -0.658666 1.000000
-1.0 1.0 0.237081 -8.741879 -0.423919 6.265244 3.338048 -6.024915 -8.402285 0.276317 -1.000000
-1.0 1.0 -1.255719 -1.568012 1.079655 0.083391 -1.871939 -3.291970 -0.650725 1.670077 1.000000
-1.0 1.0 -1.344401 -2.168187 -0.092880 1.593314 3.056570 2.635711 -0.033299 -4.483776 -1.000000
-1.0 1.0 -0.864172 -0.010132 2.206757 1.063050 -2.295520 -1.709461 0.161539 1.448770 1.000000
-1.0 1.0 -1.743769 5.196917 3.998768 -1.203125 -3.483455 1.921161 -0.725600 -3.858949 -1.000000
-1.0 1.0 -6.346278 0.678394 5.832314 3.723865 -1.271867 -1.912855 1.153008 -1.376551 1.000000
-1.0 1.0 4.933356 0.636205 -6.750884 -4.469120 2.565026 5.847548 1.174311 -1.107638 -1.000000
-1.0 1.0 -1.956272 1.590447 2.617647 -1.506367 -1.700374 1.516149 0.558504 -2.381456 1.000000
-1.0 1.0 -2.117456 -2.507610 -2.695686 -0.598842 1.397265 -0.377236 2.665079 2.318733 -1.000000
-1.0 1.0 -5.145457 1.623605 2.656108 0.115526 -2.971523 -0.608003 1.004902 3.151384 1.000000
-1.0 1.0 3.933331 -0.323638 -3.404837 -1.024254 0.232440 1.890912 1.303841 -4.043336 -1.000000
-1.0 1.0 -2.880990 -4.435201 1.844142 5.333218 2.499133 -2.010661 -0.841567 -0.704946 1.000000
-1.0 1.0 2.962133 3.389736 -0.252430 -4.806612 -3.288774 2.359599 4.279840 0.110416 -1.000000
-1.0 1.0 -2.872352 4.667882 4.742957 2.012967 -0.857847 -3.139984 -2.528283 0.379550 1.000000
-1.0 1.0 -0.569039 -0.252390 1.280871 2.799763 -0.320210 -4.385402 -3.875344 -1.956034 -1.000000
-1.0 1.0 -1.740511 0.395304 -0.235560 2.074329 1.977960 0.048221 0.212550 1.972666 1.000000
-1.0 1.0 2.266445 -4.255396 -4.893424 2.310423 3.609850 0.424719 -0.082620 -0.675602 -1.000000
-1.0 1.0 -5.309480 -0.693996 2.250046 -0.931299 2.303359 0.258540 -2.814120 0.887196 1.000000
-1.0 1.0 0.280509 -0.446627 -2.389451 -1.040773 1.726162 1.430070 -0.615358 -1.620334 -1.000000
-1.0 1.0 -0.397211 1.817246 3.681100 1.767091 -1.944281 -2.524026 -2.166506 -1.282965 1.000000
-1.0 1.0 1.639399 -0.380124 -4.079797 -4.273153 2.480713 3.873837 2.901118 -1.270346 -1.000000
-1.0 1.0 -4.445710 -2.988952 4.189948 5.466357 4.748248 1.968440 -3.901904 -8.089614 1.000000
-1.0 1.0 1.469912 -0.308887 -1.645179 -3.768039 2.013590 6.778198 1.663842 -3.774332 -1.000000
-1.0 1.0 -6.650463 -0.228782 7.300702 5.396271 -2.622908 -5.722173 1.879073 5.435768 1.000000
-1.0 1.0 -1.262943 0.725690 2.185713 2.372707 -0.586085 0.058093 0.750800 0.277758 -1.000000
-1.0 1.0 -1.549514 1.016860 2.877160 2.594923 -1.132268 -2.541130 0.693271 0.637095 1.000000
-1.0 1.0 -0.230479 -0.340955 -1.654050 -0.190994 0.932771 0.958621 2.570089 -0.800396 -1.000000
-1.0 1.0 -2.120005 -1.083613 0.723983 -0.700897 -0.405473 1.476162 1.392587 -2.126811 1.000000
-1.0 1.0 0.319601 -0.745001 -2.157091 -1.548850 -0.343799 3.632953 3.133235 -0.241854 -1.000000
-1.0 1.0 -2.009913 4.696033 7.086081 0.871622 -4.589056 -2.277608 3.685598 3.258561 1.000000
-1.0 1.0 1.331924 1.603189 1.823234 1.483725 -1.128067 -3.631606 -1.102390 1.379223 -1.000000
-1.0 1.0 -0.899309 4.759484 5.333808 -0.453682 -1.877961 -0.613138 1.236669 2.538098 1.000000
-1.0 1.0 2.426802 -1.052321 0.319931 -1.135878 -1.882964 -0.065558 1.193964 1.619585 -1.000000
-1.0 1.0 -6.818123 -2.250222 5.619136 3.029026 -2.740933 -2.008240 1.242155 0.485323 1.000000
-1.0 1.0 -2.049976 -3.606784 -0.505535 1.036663 0.895101 -0.291324 0.706444 2.901862 -1.000000
-1.0 1.0 -2.470248 2.472855 5.263979 0.324968 -1.470808 -1.682987 3.161341 2.358291 1.000000
-1.0 1.0 0.646830 -1.353076 -1.219387 1.444073 0.423298 -1.540541 0.277014 -0.715893 -1.000000
-1.0 1.0 -2.307402 0.835039 1.684351 4.283411 2.107597 -1.308952 -2.298198 0.110182 1.000000
-1.0 1.0 -0.969372 -0.319189 0.063084 0.369153 0.641788 0.208714 -1.960943 -3.350016 -1.000000
-1.0 1.0 -0.964340 -0.535764 0.624881 2.769148 0.824777 -2.425078 -1.470848 3.312352 1.000000
-1.0 1.0 0.502278 2.655521 0.798359 -0.285074 0.321404 0.046238 -4.114895 -2.115841 -1.000000
-1.0 1.0 -5.863336 -1.715759 5.167543 2.668558 -3.082937 -2.267985 1.943442 2.126179 1.000000
-1.0 1.0 -1.414427 1.487655 4.638181 1.751365 -2.913051 -1.533944 -1.596033 -0.739858 -1.000000
-1.0 1.0 -4.295726 1.734334 1.102332 -3.814095 -0.629266 4.507483 2.895365 0.600583 1.000000
-1.0 1.0 0.508770 0.093056 0.205302 1.559943 1.455762 0.768243 -3.068242 -6.073916 -1.000000
-1.0 1.0 -5.002618 0.530080 7.670467 2.934415 -3.483437 -3.255691 0.143606 1.234844 1.000000
-1.0 1.0 0.374259 0.211459 1.325566 -2.103208 -2.212756 1.059453 3.221888 1.713361 -1.000000
-1.0 1.0 -2.516158 -1.183247 3.965698 2.998424 -4.931779 -1.660485 2.515518 2.467643 1.000000
-1.0 1.0 -0.225001 0.633422 4.165406 2.184549 -2.949376 -3.927910 -0.089170 -0.454538 -1.000000
-1.0 1.0 -3.517051 0.865894 5.094296 3.999767 -1.744925 -4.973608 -2.011659 -0.656508 1.000000
-1.0 1.0 1.701915 -1.515415 -2.244948 -0.500549 1.213983 3.007003 2.849037 -3.113081 -1.000000
-1.0 1.0 -6.555716 -5.831992 2.525523 7.003599 3.417736 -2.004685 -5.229227 -0.082916 1.000000
-1.0 1.0 -3.370847 1.002927 5.235231 3.226646 -0.442805 -3.373996 -6.245740 -3.171763 -1.000000
-1.0 1.0 -5.636569 -0.438064 4.836540 0.241054 -2.284675 -0.603198 1.338354 0.666098 1.000000
-1.0 1.0 4.854454 0.034273 -7.338860 -6.548193 1.374153 6.097914 6.227850 -2.635304 -1.000000
-1.0 1.0 -5.136819 -0.528015 3.694504 4.002886 -0.780910 -3.905522 -1.074718 4.040508 1.000000
-1.0 1.0 -0.437473 -0.803009 -2.545766 -2.408776 2.885114 3.647072 -1.510068 -2.323335 -1.000000
-1.0 1.0 -2.433113 1.747579 4.046605 0.960820 -2.065149 -1.960051 0.128196 0.959384 1.000000
-1.0 1.0 1.867850 0.161989 -5.054169 -0.902879 2.160871 0.496075 -1.253901 0.011056 -1.000000
-1.0 1.0 -4.753340 2.859150 4.205199 -0.823425 -2.456413 0.621623 1.522459 -0.863460 1.000000
-1.0 1.0 3.030466 1.798895 -2.404792 -5.231492 -2.310821 2.875324 6.655554 1.802735 -1.000000
-1.0 1.0 -5.372099 1.608748 6.022969 4.734131 0.551511 -2.055333 -4.719574 -3.366850 1.000000
-1.0 1.0 -0.613383 -2.738412 1.190208 2.271272 -1.418151 -2.809637 1.473662 2.484060 -1.000000
-1.0 1.0 -2.113132 -0.051306 3.237237 -1.138761 -0.508951 3.682936 1.187113 -2.829198 1.000000
-1.0 1.0 4.502631 -1.223829 -3.031838 0.777390 -0.174609 -0.632628 1.060251 1.615807 -1.000000
-1.0 1.0 -3.021038 2.244929 4.587516 1.427475 -0.648965 -2.361767 -0.815325 0.904055 1.000000
-1.0 1.0 -2.933763 -3.952180 3.629085 3.844271 -1.662086 -2.313907 -4.923006 2.056387 -1.000000
-1.0 1.0 -4.915798 -0.286624 5.486847 6.521129 -0.575816 -7.530390 -5.379083 0.333171 1.000000
-1.0 1.0 -0.468988 -2.250706 1.677477 2.243643 1.431928 -2.041578 -2.612745 0.108747 -1.000000
-1.0 1.0 -2.860601 0.080698 0.968867 2.459620 2.265311 0.311744 -0.237414 -2.941154 1.000000
-1.0 1.0 -0.789639 3.392426 1.582247 -4.266506 -4.112510 3.004611 3.926731 0.080555 -1.000000
-1.0 1.0 -4.546039 -4.343640 0.906664 0.758192 -0.493088 1.213571 1.668635 0.493438 1.000000
-1.0 1.0 0.308144 0.740272 2.890866 -0.919678 -2.981256 -1.692470 1.986442 0.743345 -1.000000
-1.0 1.0 -6.375264 0.417832 8.082265 8.849732 1.908801 -4.578787 -4.169753 -4.342343 1.000000
-1.0 1.0 0.156750 0.996470 1.707731 -2.370870 -4.923047 1.256395 7.748378 4.292788 -1.000000
-1.0 1.0 -5.458480 -3.043199 5.451852 6.661215 2.351100 -4.097396 -4.126611 0.475478 1.000000
-1.0 1.0 -1.495139 -4.284429 0.132656 3.111315 3.322528 0.949286 -3.567242 -5.647402 -1.000000
-1.0 1.0 -2.378409 1.806496 5.103961 2.281927 -1.952880 -2.825356 2.257983 2.174803 1.000000
-1.0 1.0 1.300143 0.445445 0.746882 1.092579 -2.140902 -3.930944 -0.432707 3.432589 -1.000000
-1.0 1.0 -5.807990 0.301082 5.587649 3.851284 0.896779 -1.756035 -4.719072 -3.766987 1.000000
-1.0 1.0 -2.717959 -0.460679 -1.005426 -1.800088 3.227303 5.498675 0.119597 -4.541932 -1.000000
-1.0 1.0 0.263272 -3.880460 0.160137 3.663195 0.413365 -1.028948 -3.059220 -1.429299 1.000000
-1.0 1.0 1.419828 2.609008 1.567968 -0.163659 1.565993 -1.720091 -3.997416 -0.074128 -1.000000
-1.0 1.0 -5.132292 -1.544718 5.080344 4.676057 -1.688145 -2.901966 -0.912329 -2.720202 1.000000
-1.0 1.0 -2.462563 1.537542 0.232898 -2.868133 -2.821549 0.279729 3.354171 1.728780 -1.000000
-1.0 1.0 -5.709840 -4.947971 2.250623 5.043132 -0.543476 -2.695357 0.754047 -0.035924 1.000000
-1.0 1.0 1.751176 0.959815 -0.650325 -0.165785 -0.982017 0.411561 0.057844 0.316960 -1.000000
-1.0 1.0 -5.035497 -2.488015 1.745450 2.925143 2.442459 -1.373200 -4.383390 -0.579046 1.000000
-1.0 1.0 1.040632 1.617568 1.574803 -2.138747 -1.679837 2.054557 2.608658 -2.565645 -1.000000
-1.0 1.0 -1.612143 -5.548371 -1.338626 6.370988 3.563545 -1.878361 -4.685549 0.355694 1.000000
-1.0 1.0 2.974467 1.085028 -0.663379 -0.634970 -0.440082 0.252912 -2.457294 -0.414301 -1.000000
-1.0 1.0 -5.053628 -0.096706 5.431544 4.023233 0.445286 -0.735330 0.035533 -1.919267 1.000000
-1.0 1.0 -1.476996 2.678224 1.055040 -1.449376 -1.378863 -0.145125 1.769819 1.077921 -1.000000
-1.0 1.0 -4.710712 -5.171713 3.133494 1.931665 -0.812589 1.599136 1.455655 -4.304778 1.000000
-1.0 1.0 -1.444282 0.635830 1.400917 1.559686 -3.314632 0.171334 1.179926 0.602609 -1.000000
-1.0 1.0 -3.495708 -0.436209 4.417243 1.510991 -3.831536 -2.339833 2.026692 4.486688 1.000000
-1.0 1.0 3.629063 -0.483590 -1.131486 -2.206031 -0.815276 -0.178501 -0.877556 -0.684217 -1.000000
-1.0 1.0 -1.199361 0.184403 4.036924 3.416009 0.335024 -1.092434 -3.808878 -2.807110 1.000000
-1.0 1.0 -0.092509 6.046721 5.395749 -4.969670 -9.849294 -0.162234 6.165577 1.745110 -1.000000
-1.0 1.0 -0.586777 -1.226102 1.678558 3.964433 1.233654 0.327455 -2.264241 -0.699408 1.000000
-1.0 1.0 1.714873 3.590190 -2.223127 -6.059605 -1.057368 7.231512 2.791824 -1.267433 -1.000000
-1.0 1.0 -4.876515 0.104509 1.624585 0.548448 -0.062741 -1.080905 2.028845 1.568625 1.000000
-1.0 1.0 -1.840301 -4.154608 -0.515645 3.513101 2.485632 -0.369124 -1.956786 0.759500 -1.000000
-1.0 1.0 -0.406777 2.372452 3.943168 1.107051 0.012801 -3.610192 -2.683659 1.345753 1.000000
-1.0 1.0 2.526868 0.137857 -1.008724 -0.139889 1.540874 -0.714804 -0.641638 1.885935 -1.000000
-1.0 1.0 1.058288 -8.691855 -5.588064 2.711077 5.794604 1.996655 -2.364335 -0.548376 1.000000
-1.0 1.0 -0.467225 4.163055 3.283258 -3.314345 -1.846983 2.977225 -1.703985 -3.532087 -1.000000
-1.0 1.0 -3.457214 1.147380 4.399132 5.684969 -1.685815 -4.651494 -3.029498 1.741905 1.000000
-1.0 1.0 -1.850841 0.625762 0.406962 -3.054726 -1.522245 1.921677 1.384752 -4.230177 -1.000000
-1.0 1.0 -4.244294 -2.529747 3.807568 3.835554 0.023705 -1.346014 -0.833666 0.576319 1.000000
-1.0 1.0 1.447202 2.751066 0.449339 -3.292790 -4.530889 1.089274 3.804502 2.638337 -1.000000
-1.0 1.0 -0.007405 0.917218 1.935470 3.882902 1.369946 -1.616677 -3.238674 -1.475549 1.000000
-1.0 1.0 -1.772204 -3.526854 -1.723507 0.463417 1.256833 2.395356 1.522704 -3.295249 -1.000000
-1.0 1.0 -4.665669 -0.301087 6.819806 5.042297 -2.240171 -2.283998 -1.330284 -2.495763 1.000000
-1.0 1.0 -2.879707 1.087835 3.333260 1.835296 1.396680 1.599615 -5.994995 -8.397051 -1.000000
-1.0 1.0 -2.019048 4.852200 7.337345 -1.633674 -6.181480 0.209368 2.508487 -1.063376 1.000000
-1.0 1.0 3.202217 2.228251 0.735103 -1.683748 -1.431846 -0.705208 1.708291 -0.952930 -1.000000
-1.0 1.0 -5.124472 -2.317572 3.704383 2.615697 -0.514141 -0.747506 0.861561 -0.569972 1.000000
-1.0 1.0 -1.125900 -1.222892 2.542711 2.087715 -1.063957 -0.914918 -0.181302 -1.371375 -1.000000
-1.0 1.0 0.499667 -1.523515 -0.042251 3.927573 2.595435 -3.613813 -2.320737 0.831283 1.000000
-1.0 1.0 -1.903878 0.613797 0.944277 0.889319 -0.603867 1.450020 1.653802 -0.267809 -1.000000
-1.0 1.0 -5.797056 -1.798354 6.484953 4.430978 -2.000108 -1.547972 1.597015 -2.657756 1.000000
-1.0 1.0 3.506984 4.600896 0.946850 -8.101616 -3.406987 3.783617 5.345582 0.697746 -1.000000
-1.0 1.0 -0.027536 4.684242 0.941367 -2.729048 -0.868351 0.269119 -1.798350 -0.138596 1.000000
-1.0 1.0 -5.354501 -5.044185 -0.026944 2.787253 0.296242 -0.913081 2.044560 2.905022 -1.000000
-1.0 1.0 -3.343773 -1.283256 3.371802 4.307749 1.103895 -3.670173 -2.267555 -0.357459 1.000000
-1.0 1.0 1.476211 -4.482539 -3.369595 2.868271 0.935363 -2.497064 2.109393 3.563549 -1.000000
-1.0 1.0 -0.833237 3.586028 3.183874 1.331437 -2.160578 -3.368716 -1.511262 3.054923 1.000000
-1.0 1.0 4.388529 1.855120 -3.507846 -1.663986 2.272804 0.296827 -0.735882 1.055907 -1.000000
-1.0 1.0 -4.854232 4.020489 6.384024 -0.283107 -1.022316 0.445403 -1.331648 -0.653414 1.000000
-1.0 1.0 2.998598 -1.874079 -2.843794 -0.371656 1.782102 2.674360 -0.244710 -7.337109 -1.000000
-1.0 1.0 -9.388535 -6.131405 4.526918 4.594270 -0.534537 -1.055736 0.766773 0.111594 1.000000
-1.0 1.0 2.980394 0.310574 -2.037053 -3.265848 -2.812634 3.227279 8.470963 2.501980 -1.000000
-1.0 1.0 -4.529540 -2.649331 3.237715 4.689028 -1.642417 -5.880583 -0.434932 5.726982 1.000000
-1.0 1.0 1.168850 0.816986 -0.271248 3.790344 1.597631 -2.604099 -3.764716 -2.348024 -1.000000
-1.0 1.0 -0.618029 3.936481 3.597081 1.163509 -2.326550 0.005327 1.073501 -1.054473 1.000000
-1.0 1.0 3.699793 0.678950 -1.577531 -3.699395 0.718315 3.952091 3.094033 -2.264473 -1.000000
-1.0 1.0 -4.508934 -2.759408 1.578756 1.386213 0.390773 0.767889 1.359020 -0.836772 1.000000
-1.0 1.0 -0.487766 1.506794 0.809411 0.885391 -1.836149 0.394457 3.246814 1.040440 -1.000000
-1.0 1.0 -1.409974 1.648329 0.657234 -2.165266 -1.376037 0.132554 1.842753 0.895535 1.000000
-1.0 1.0 -3.527516 0.517886 1.446705 -0.998553 -0.808964 -0.348132 4.347193 4.678242 -1.000000
-1.0 1.0 -1.824067 3.867065 4.204560 0.492416 -1.485723 1.148734 0.692783 -2.869873 1.000000
-1.0 1.0 1.385948 -2.054913 -1.684243 -2.483716 2.722810 6.548740 1.370512 -5.951486 -1.000000
-1.0 1.0 -3.112307 -1.816828 2.565500 2.371934 1.763332 -0.304645 -0.106105 -0.931375 1.000000
-1.0 1.0 2.144678 -2.758312 -2.787576 2.814088 3.446806 0.763382 -1.087001 -2.976771 -1.000000
-1.0 1.0 -0.523782 -4.154570 -1.224221 5.240782 3.889187 -1.535274 -3.116115 0.158109 1.000000
-1.0 1.0 0.347534 5.937545 2.220278 -2.172642 -2.226581 -1.739883 1.358436 2.115312 -1.000000
-1.0 1.0 -4.412215 -3.621800 -0.555684 -0.633817 0.139156 1.638932 -2.264102 -1.440668 1.000000
-1.0 1.0 -1.878598 -1.184196 1.537872 -1.223567 -3.526947 0.010410 6.670554 0.395599 -1.000000
-1.0 1.0 -2.639699 -2.653980 -0.036134 2.644105 -1.765108 -0.607564 2.312048 -0.493534 1.000000
-1.0 1.0 -0.510940 -1.444031 0.721226 2.014976 0.520541 -0.951481 -3.077318 -1.826010 -1.000000
-1.0 1.0 -4.806128 -3.341358 4.339660 5.855669 0.267369 -2.902294 -2.705153 -1.379749 1.000000
-1.0 1.0 0.571107 0.771338 -0.553034 -6.611169 -5.711796 0.721816 6.719037 3.138996 -1.000000
-1.0 1.0 -2.846562 -1.352182 3.322747 0.697843 -2.772659 -0.583888 5.079518 3.484072 1.000000
-1.0 1.0 -1.623715 -0.096266 2.403036 1.194235 -0.758909 -0.953928 -0.458593 -2.300175 -1.000000
-1.0 1.0 -5.601167 0.159644 5.316824 4.324526 -1.282600 -4.373821 0.297631 1.700280 1.000000
-1.0 1.0 0.140644 2.642545 4.300331 1.790574 -2.751014 -3.879259 0.939029 2.705958 -1.000000
-1.0 1.0 -2.866505 2.984741 6.723071 1.696322 -1.281393 -3.663648 -1.623251 1.644542 1.000000
-1.0 1.0 -0.082498 -0.536533 0.716554 1.966746 1.986087 -1.882449 -6.246112 -0.472938 -1.000000
-1.0 1.0 0.022123 0.399743 1.318138 1.726595 0.646265 0.235119 3.072922 3.069470 1.000000
-1.0 1.0 0.393560 0.283404 0.326228 0.519802 1.249951 -0.740394 -2.449983 1.488407 -1.000000
-1.0 1.0 -7.153474 -3.388824 4.768171 5.801933 -0.670642 -2.023207 -0.583719 2.015568 1.000000
-1.0 1.0 -1.539506 2.613115 1.925599 -1.013857 -1.971276 -0.804438 1.235803 0.642006 -1.000000
-1.0 1.0 -3.083497 -0.224383 4.029975 3.872382 0.002632 -1.647689 -2.334446 0.259014 1.000000
-1.0 1.0 1.009848 3.053425 1.981402 2.839557 -0.012199 -2.691826 -4.740615 -2.956172 -1.000000
-1.0 1.0 -5.930899 -2.700061 2.562425 1.227029 -0.511832 -1.413995 -2.035924 1.379402 1.000000
-1.0 1.0 -1.278931 -4.398701 -1.268441 3.320003 3.503012 1.922602 1.487100 -1.134895 -1.000000
-1.0 1.0 -3.060361 -0.278151 6.910090 6.981941 -1.044110 -8.272881 -3.830876 3.594084 1.000000
-1.0 1.0 -0.457330 -2.901681 -0.670168 3.037078 2.934102 -1.751064 -4.921863 1.335257 -1.000000
-1.0 1.0 -0.847328 2.550853 2.676286 -1.683596 -1.097814 1.689008 2.317136 -0.541072 1.000000
-1.0 1.0 3.184509 2.818406 -2.345892 -7.743464 -2.977870 4.094643 5.269640 2.281048 -1.000000
-1.0 1.0 -1.481960 4.665881 4.391997 1.085189 -2.503856 -0.632489 -0.498852 -0.977556 1.000000
-1.0 1.0 0.053233 0.105738 -1.133161 -0.801698 -2.571931 -0.300013 2.783658 1.240453 -1.000000
-1.0 1.0 -6.696931 -3.437489 2.110207 4.647271 2.382994 0.001836 -1.278226 -2.794985 1.000000
-1.0 1.0 -1.048661 -2.909748 1.652909 3.694971 0.264066 -1.378571 -1.747383 -2.224079 -1.000000
-1.0 1.0 -2.326416 0.369217 2.856749 4.605878 1.082822 -0.914793 -1.982091 0.231982 1.000000
-1.0 1.0 1.806664 3.845416 3.999711 4.282653 -0.349684 -5.477494 -2.053131 1.029807 -1.000000
-1.0 1.0 -0.113568 3.135995 2.210715 0.207791 -3.743668 -2.185959 4.268255 2.787184 1.000000
-1.0 1.0 -1.598334 -1.171741 -0.243424 0.276162 1.213299 2.209786 1.707359 0.602584 -1.000000
-1.0 1.0 -6.990753 -3.303299 6.614808 7.040771 -2.354952 -4.912675 1.086469 3.797765 1.000000
-1.0 1.0 -0.261865 -3.349264 -2.714468 0.764422 4.129895 1.486884 -2.637126 -3.222521 -1.000000
-1.0 1.0 -8.111341 1.101544 7.994026 1.270002 -0.743257 -1.972409 -2.125084 -2.525757 1.000000
-1.0 1.0 -2.605406 -1.933365 1.179801 -0.134590 1.689329 4.261554 -3.687144 -8.134947 -1.000000
-1.0 1.0 -3.237204 -5.876009 2.556841 2.676756 -0.546979 2.109186 1.265727 -0.633533 1.000000
-1.0 1.0 2.943322 -1.374401 -3.592852 -6.062914 -2.325405 3.858303 6.175896 1.514441 -1.000000
-1.0 1.0 -3.846930 1.860636 6.457725 3.293887 0.600503 -0.762533 -1.483823 -1.466527 1.000000
-1.0 1.0 -1.366366 1.525093 3.798481 1.423533 -3.992879 -2.504836 2.137580 3.463484 -1.000000
-1.0 1.0 -5.081708 -2.342829 1.081708 3.808388 0.387104 0.557653 5.168551 2.122009 1.000000
-1.0 1.0 0.856696 1.000547 0.882473 -1.289471 -4.177303 -1.261280 4.328929 4.810315 -1.000000
-1.0 1.0 -1.341078 4.834453 5.384936 2.436332 -3.379206 -1.833735 0.356105 -0.594525 1.000000
-1.0 1.0 -0.107298 -0.190273 -3.686128 -0.153895 2.830077 3.889915 -1.655827 -5.831551 -1.000000
-1.0 1.0 -3.237138 -3.024732 3.161925 6.363611 0.727645 -3.543698 -2.584181 -0.877963 1.000000
-1.0 1.0 2.129676 -0.099560 -3.033178 -1.316973 1.069251 1.204797 -0.421203 -1.616178 -1.000000
-1.0 1.0 -5.626839 -2.750629 6.111421 8.970668 2.351404 -3.654325 -4.585572 -1.850986 1.000000
-1.0 1.0 2.618463 1.053185 0.386746 1.360413 2.197397 1.440097 -0.505017 -4.675173 -1.000000
-1.0 1.0 -3.248981 2.155255 2.992496 1.138273 1.940111 2.155242 1.090863 -2.006406 1.000000
-1.0 1.0 4.583665 1.321965 0.742163 -1.877340 -3.135528 1.168384 1.649040 -1.170645 -1.000000
-1.0 1.0 -2.175277 -2.425521 0.801493 4.536395 0.733489 -0.944802 0.405635 -0.845570 1.000000
-1.0 1.0 1.275964 -1.892332 -1.299250 0.541969 1.082261 0.727523 -1.259219 -3.880817 -1.000000
-1.0 1.0 1.742423 -5.472455 -1.051105 5.298506 5.160972 -3.649312 -6.056412 0.127009 1.000000
-1.0 1.0 -0.758581 -0.427113 0.976635 2.643774 -0.049041 -2.573936 -4.078740 -0.649922 -1.000000
-1.0 1.0 -5.065213 -2.112892 1.322080 3.762616 2.142148 -1.924116 -1.387423 0.971729 1.000000
-1.0 1.0 2.927285 -0.127425 -3.146003 -4.556618 -0.250035 5.397909 2.031920 -2.530842 -1.000000
-1.0 1.0 -5.595425 -2.954365 0.970713 7.353441 6.219607 0.384349 -6.415017 -4.405517 1.000000
-1.0 1.0 0.330942 -2.031613 -0.988395 2.141711 0.460334 -1.840006 -4.060960 0.990212 -1.000000
-1.0 1.0 -2.436977 -3.007446 1.187775 4.476933 2.533051 -0.921113 -3.475118 -1.596288 1.000000
-1.0 1.0 1.789792 -1.991431 -4.624534 0.652467 0.526321 0.971416 -0.129484 -1.528142 -1.000000
-1.0 1.0 -2.312686 3.591891 3.651343 -3.925285 -3.259634 2.688816 7.194542 3.379097 1.000000
-1.0 1.0 -3.685082 -2.905019 2.720518 4.913560 0.711866 -2.301366 -4.014473 -3.245998 -1.000000
-1.0 1.0 -1.731045 2.322770 2.275316 0.058529 -3.883911 -0.719397 2.298664 -0.580728 1.000000
-1.0 1.0 -3.014966 -2.637159 -1.746135 -0.431017 1.692546 2.670930 3.375832 0.710365 -1.000000
-1.0 1.0 -1.507775 2.264288 2.282499 -0.961870 0.392846 1.395869 1.890350 -0.166434 1.000000
-1.0 1.0 -0.411549 2.193683 3.305909 -0.326308 -4.410364 -1.194665 -0.273909 -1.115699 -1.000000
-1.0 1.0 -5.338106 1.214334 5.806664 4.228224 0.235592 -0.490982 -1.042857 -0.545459 1.000000
-1.0 1.0 1.314866 -1.528791 -0.402459 -3.245665 -3.378122 3.509459 7.765555 0.764932 -1.000000
-1.0 1.0 -0.839289 -0.221685 0.415056 0.147913 0.146237 -1.626318 -1.880553 -1.237598 1.000000
-1.0 1.0 -3.147932 2.760797 3.272967 0.517112 -3.467052 -0.633488 1.520253 1.523233 -1.000000
-1.0 1.0 -2.541918 2.121990 4.308091 2.768090 -1.282001 -3.616285 -2.945869 1.634528 1.000000
-1.0 1.0 0.254809 -2.841185 -0.572722 0.440290 -0.324762 0.258114 2.456841 -0.348453 -1.000000
-1.0 1.0 -1.794473 3.331120 -0.901351 -3.937108 1.705437 2.407420 1.780876 0.577920 1.000000
-1.0 1.0 1.049887 0.828848 0.060757 -2.829604 -3.558317 0.553625 3.549946 6.282499 -1.000000
-1.0 1.0 -3.355177 0.830263 3.345948 4.390488 -1.503773 -5.400610 -1.712202 4.431295 1.000000
-1.0 1.0 -2.216795 3.621959 3.589451 0.262734 -0.263365 1.987860 -0.373828 -4.000743 -1.000000
-1.0 1.0 1.407411 1.340781 0.527406 -2.443829 -2.635334 0.976149 0.666365 -0.960723 1.000000
-1.0 1.0 -1.599051 3.533179 4.994945 1.241072 -5.978041 -4.492272 3.205314 5.825317 -1.000000
-1.0 1.0 -1.494368 -1.203348 3.794639 3.629339 0.452874 -4.998683 -3.709982 5.219098 1.000000
-1.0 1.0 -3.087437 -3.187581 -0.995717 1.223876 0.913121 -0.442679 0.785612 1.244436 -1.000000
-1.0 1.0 -4.771529 -1.252089 1.653003 6.031298 3.223220 -4.637239 -3.791460 -1.296130 1.000000
-1.0 1.0 3.274447 -0.572018 -1.016260 -0.833933 -1.686083 -1.512739 0.513730 3.285045 -1.000000
-1.0 1.0 -2.889181 -2.737455 4.266799 4.686683 -1.978329 -1.526294 -1.792195 -0.646952 1.000000
-1.0 1.0 3.872011 0.941137 -1.559618 0.193210 -1.983149 -3.177417 -1.085254 1.856459 -1.000000
-1.0 1.0 -0.993982 0.149496 4.809193 5.457455 -1.350311 -4.511341 2.288109 3.864789 1.000000
-1.0 1.0 3.638291 4.423979 -2.021237 -5.628845 -0.920810 4.724917 5.087231 0.829144 -1.000000
-1.0 1.0 -1.735465 -4.261532 1.460946 4.656335 0.258662 -2.077178 -2.087978 1.255636 1.000000
-1.0 1.0 4.834948 -0.350976 -3.940023 -1.946880 2.110804 1.287671 -0.314134 0.430345 -1.000000
-1.0 1.0 -4.390956 0.502116 5.189019 2.416803 -3.368544 -2.011959 0.391520 1.543641 1.000000
-1.0 1.0 1.069654 -0.845897 2.256826 1.650379 -0.934119 -1.429318 -2.493488 -0.455760 -1.000000
-1.0 1.0 -1.774402 -4.336454 -4.155722 2.694527 7.612208 1.127955 -4.855983 -1.741085 1.000000
-1.0 1.0 -1.388877 -1.094875 0.419317 -0.374061 -0.318404 1.213984 1.276471 0.726376 -1.000000
-1.0 1.0 -0.389416 4.526181 2.967064 0.262617 -3.162032 -1.540820 1.032783 2.700523 1.000000
-1.0 1.0 0.747547 -0.241354 1.784031 4.171107 -0.026488 -3.944813 -3.059122 2.083338 -1.000000
-1.0 1.0 0.811070 3.800391 5.822664 3.053711 -1.625754 -4.632833 -2.074570 2.087795 1.000000
-1.0 1.0 6.275246 -2.531414 -6.331018 -5.696049 -1.101122 4.594393 5.776021 1.382790 -1.000000
-1.0 1.0 -1.480033 -2.438569 2.606010 5.257705 0.842043 -2.572570 -5.810518 -1.769628 1.000000
-1.0 1.0 0.151092 0.008547 -1.088074 -0.356940 2.263961 3.067917 -2.999312 -4.292505 -1.000000
-1.0 1.0 -0.825925 5.871825 3.735888 0.829540 -1.828306 -2.202767 -1.301917 -0.390998 1.000000
-1.0 1.0 -2.850149 0.484965 3.486763 2.332640 -1.292323 -3.134185 -2.143076 -0.461273 -1.000000
-1.0 1.0 -1.956935 -0.817792 1.656915 1.818023 -1.363336 -3.533993 -0.909939 4.886166 1.000000
-1.0 1.0 1.391903 4.536262 1.469180 -2.428260 -2.815966 0.115266 -3.631019 -1.207984 -1.000000
-1.0 1.0 1.299527 5.594994 4.133180 -3.420688 -5.891592 1.864247 6.500551 0.121958 1.000000
-1.0 1.0 -1.309944 1.704514 1.134574 -1.566522 -0.574402 0.856379 -1.183137 -2.117004 -1.000000
-1.0 1.0 -6.540118 1.701105 8.633033 3.254287 -4.093200 -3.833604 0.289499 3.992438 1.000000
-1.0 1.0 2.665681 3.770775 -0.172161 -2.473760 -1.828229 -0.100779 -2.206349 0.433817 -1.000000
-1.0 1.0 -2.620186 4.252668 7.066087 2.368404 -5.337937 -1.282499 0.717851 0.855822 1.000000
-1.0 1.0 -2.501198 1.235476 2.959171 0.413909 -0.791435 1.083423 0.949350 0.516448 -1.000000
-1.0 1.0 -0.638073 -3.630824 -0.427397 5.838420 3.202893 -3.182148 -3.263122 2.450137 1.000000
-1.0 1.0 -0.515965 -2.389601 -1.798806 -1.026947 1.298647 3.467284 0.633378 -1.834289 -1.000000
-1.0 1.0 -5.621177 -5.040587 1.911722 4.526623 1.594177 -0.602621 -1.343738 0.889878 1.000000
-1.0 1.0 -1.120476 0.844263 0.031401 -3.493895 -2.929677 2.325078 4.186666 0.372018 -1.000000
-1.0 1.0 -0.337011 -0.589851 -0.875536 2.488232 4.185478 -1.242946 -3.555361 0.857383 1.000000
-1.0 1.0 5.946289 0.285904 -2.731848 -2.819083 -2.248582 0.100450 3.802651 4.067116 -1.000000
-1.0 1.0 0.167291 0.550395 -2.062704 -2.049175 1.091202 0.994105 1.236060 -0.633302 1.000000
-1.0 1.0 -0.321101 -0.533409 2.182021 2.535391 0.785453 -2.728632 -2.740253 -0.569678 -1.000000
-1.0 1.0 -2.938886 -1.046847 2.926501 2.274978 0.444177 -3.094431 -1.926341 -1.463250 1.000000
-1.0 1.0 5.478019 -1.590434 -6.663028 -1.039089 3.069041 2.645790 -3.585389 -4.468815 -1.000000
-1.0 1.0 -2.520517 -2.841140 2.782612 4.247211 -0.360076 -4.143854 -2.753438 4.536391 1.000000
-1.0 1.0 -0.022404 0.905225 1.590119 0.554068 -1.319186 -1.752147 1.361255 1.382129 -1.000000
-1.0 1.0 -6.027527 -3.796345 2.859334 3.937732 -0.686033 -2.171446 2.625142 4.375241 1.000000
-1.0 1.0 2.868663 0.393023 -2.383600 -2.451984 -0.620809 2.168616 0.665536 -1.757165 -1.000000
-1.0 1.0 -4.740749 2.465616 7.584506 2.457140 -5.150133 -1.335539 2.263672 -1.981647 1.000000
-1.0 1.0 1.143550 0.749351 3.850489 3.488902 -2.329008 -5.193351 -2.551835 1.658865 -1.000000
-1.0 1.0 -3.042734 2.948431 6.066603 1.548809 -2.245235 -0.045423 1.735363 -1.015667 1.000000
-1.0 1.0 0.160085 1.454433 -0.167062 0.496654 -0.020821 -1.310724 -1.267293 0.286892 -1.000000
-1.0 1.0 -1.197572 5.252080 0.370513 -2.201326 -0.580601 -0.581672 0.988380 -0.346578 1.000000
-1.0 1.0 -1.467779 -2.094279 -0.760717 1.904871 3.572164 -2.748938 -3.651118 1.828518 -1.000000
-1.0 1.0 -2.965409 1.009901 1.597198 -1.606498 2.424908 1.108358 -0.364560 1.656079 1.000000
-1.0 1.0 -1.461575 2.027867 3.164041 -2.135141 -3.264108 -1.191434 1.406333 1.518237 -1.000000
-1.0 1.0 -4.006063 0.035891 2.788385 -2.044952 -0.995792 0.835721 0.718773 1.190802 1.000000
-1.0 1.0 0.475365 2.868193 1.503910 -0.911136 -2.425869 -2.963005 1.591831 2.738039 -1.000000
-1.0 1.0 -3.844846 2.420898 5.309544 4.484441 1.424296 -4.694793 -6.479280 -3.313649 1.000000
-1.0 1.0 3.064361 2.071754 -2.366698 -2.835777 1.130718 3.210021 1.068517 -2.307109 -1.000000
-1.0 1.0 -4.312659 -0.732020 2.988698 6.104898 0.119808 -5.726055 -1.882571 3.661282 1.000000
-1.0 1.0 6.295354 0.508618 -3.686686 -3.295155 3.520138 1.029012 -1.447254 0.398009 -1.000000
-1.0 1.0 -2.945063 1.167849 3.823205 6.287675 -1.304263 -5.159671 -2.336377 2.559874 1.000000
-1.0 1.0 -0.390492 -3.665727 -1.625264 5.423047 2.756159 -3.829043 -5.966415 -0.292700 -1.000000
-1.0 1.0 -5.288822 -1.591667 4.307568 6.190441 0.599196 -3.620789 -2.909414 0.351507 1.000000
-1.0 1.0 2.036130 7.864163 1.800679 -9.332622 -8.260935 3.641190 8.122090 5.487849 -1.000000
-1.0 1.0 1.846574 2.001931 0.608733 -1.671170 -4.021934 0.354743 5.595083 2.105359 1.000000
-1.0 1.0 -2.992276 0.171698 1.437624 -0.320400 -1.218296 1.973999 2.679694 1.545740 -1.000000
-1.0 1.0 -2.925880 1.090303 2.322083 3.740890 3.132378 -2.993955 -3.051518 1.734347 1.000000
-1.0 1.0 -4.057327 0.210512 4.050381 -1.230817 -5.780732 -2.761342 3.717488 2.833176 -1.000000
-1.0 1.0 -5.545697 0.511670 6.246267 2.348316 -1.516569 -2.758463 -0.230914 0.583006 1.000000
-1.0 1.0 1.764520 1.432699 0.198122 -0.169591 -1.383195 -0.000172 2.239883 -0.705749 -1.000000
-1.0 1.0 0.340942 2.195521 1.952875 1.444075 1.153982 0.694721 1.768697 -2.365906 1.000000
-1.0 1.0 0.978733 -0.829314 0.831001 1.296303 -0.836663 -1.393234 -1.492532 -0.201822 -1.000000
-1.0 1.0 -6.081391 -1.337939 2.948499 1.980842 2.195131 2.046073 1.245488 -1.413242 1.000000
-1.0 1.0 4.255775 0.055991 -3.524011 -3.526358 -0.829643 4.097014 3.825931 -0.449371 -1.000000
-1.0 1.0 -5.016941 -2.357609 4.966374 7.505670 0.129786 -5.141030 -7.376104 -1.648779 1.000000
-1.0 1.0 2.426131 0.038968 -2.204092 -1.969709 0.150830 3.019281 4.587546 -1.751482 -1.000000
-1.0 1.0 -2.792770 -0.368745 2.072450 -0.285332 -2.046766 0.381737 1.911186 2.202918 1.000000
-1.0 1.0 0.873374 2.372555 0.658383 -1.145432 -0.115203 -0.870743 1.344550 4.234686 -1.000000
-1.0 1.0 1.743597 -0.384269 -0.566608 0.656027 1.922141 1.269946 -2.762088 -1.439074 1.000000
-1.0 1.0 3.134364 0.057933 -1.404270 -0.013282 0.245120 -1.727549 -0.724528 0.501797 -1.000000
-1.0 1.0 -1.195073 -5.845767 -0.581515 5.041814 1.711499 -4.305694 -0.587359 -0.758234 1.000000
-1.0 1.0 3.181713 0.969007 -1.670126 -0.614956 -1.271083 -0.777539 1.902989 1.466478 -1.000000
-1.0 1.0 -5.289981 1.703120 3.614024 -1.037076 -1.883387 0.616080 1.956109 0.574965 1.000000
-1.0 1.0 -0.605910 -3.484506 -2.854498 0.729251 6.208468 2.524844 -1.053379 -1.790740 -1.000000
-1.0 1.0 1.226631 3.026122 1.959038 -2.040993 0.867265 1.904816 -1.362350 -0.454545 1.000000
-1.0 1.0 0.160422 -0.288252 -0.916982 -1.259130 3.851427 3.288750 -0.430555 -3.756344 -1.000000
-1.0 1.0 -4.808249 -1.246715 6.164575 5.797166 -0.179298 -3.080220 -3.889271 -3.523785 1.000000
-1.0 1.0 -3.888429 -3.276833 3.044524 1.006644 -2.823759 -1.956046 3.772208 3.414857 -1.000000
-1.0 1.0 -3.127985 2.400336 7.172065 4.518967 -2.079037 -2.552909 1.645777 -1.562937 1.000000
-1.0 1.0 -0.500757 0.227116 0.381052 -2.247917 -3.563209 1.496502 3.266981 0.840259 -1.000000
-1.0 1.0 -1.650122 1.697948 0.299349 -2.666548 -1.186924 3.062885 3.769462 -1.872488 1.000000
-1.0 1.0 -3.704381 1.036804 1.809212 -1.966465 -5.001892 1.012665 7.477144 -0.272322 -1.000000
-1.0 1.0 -0.555396 5.856654 3.424006 1.524133 -2.643987 -6.193281 -1.752982 2.092075 1.000000
-1.0 1.0 1.419853 -0.539614 -0.220387 -2.712722 -1.530790 3.306691 3.222583 -0.322461 -1.000000
-1.0 1.0 -0.091049 2.283535 2.599507 0.857574 -1.051795 -3.703596 -0.479706 4.385626 1.000000
-1.0 1.0 1.740877 -0.570537 -1.339290 -0.453893 -1.000477 0.383665 0.277414 -0.466798 -1.000000
-1.0 1.0 -6.822939 0.665523 6.480244 3.686327 0.036279 -2.778816 -1.734752 0.275338 1.000000
-1.0 1.0 -1.111533 -0.176643 1.303582 0.891712 -2.231327 -3.744029 0.903015 4.210049 -1.000000
-1.0 1.0 -2.467087 0.483850 -0.275227 1.517598 1.740424 0.079270 0.880202 0.957680 1.000000
-1.0 1.0 3.977074 1.647662 -2.282261 -3.211066 0.627816 3.498910 0.592146 -0.061482 -1.000000
-1.0 1.0 -6.202376 -0.306690 3.727259 5.091488 4.125674 -0.349170 -6.433226 -3.214928 1.000000
-1.0 1.0 3.731154 2.982538 -4.653361 -3.817556 0.488231 2.323902 -0.731840 -3.238452 -1.000000
-1.0 1.0 -10.873652 -2.367122 7.382061 7.219153 2.488702 -5.577129 -4.418387 1.391814 1.000000
-1.0 1.0 -1.628868 3.066165 1.726313 1.406756 0.574890 -0.719101 -5.394204 -3.659764 -1.000000
-1.0 1.0 -7.181184 -4.296153 -1.497768 1.249319 2.742068 1.808023 -0.396480 -0.993780 1.000000
-1.0 1.0 2.770959 0.023998 -1.905233 -1.630366 -0.669579 0.521841 1.539118 -0.527459 -1.000000
-1.0 1.0 -0.295243 -1.931237 0.598334 2.355922 0.975997 -1.569768 -5.489114 -0.652936 1.000000
-1.0 1.0 2.309620 1.839548 -0.118761 -0.999726 -0.000513 -0.948521 -2.308529 -0.259144 -1.000000
-1.0 1.0 -3.278978 -0.939658 5.269040 2.780186 0.295559 -0.663274 -0.858616 -4.621839 1.000000
-1.0 1.0 5.421398 0.291641 -2.049884 -2.175248 0.788206 0.659041 -1.984565 -1.591097 -1.000000
-1.0 1.0 -3.384212 -3.232757 1.555930 1.375300 0.644312 2.414049 0.427335 -1.571491 1.000000
-1.0 1.0 2.158169 -0.900652 -2.206309 -1.997363 -2.434288 3.596843 5.383798 1.414938 -1.000000
-1.0 1.0 -2.733766 0.361857 5.432706 1.383279 -3.777315 -2.850029 2.266135 4.887546 1.000000
-1.0 1.0 -0.543647 0.583759 0.117561 0.269935 0.085476 2.318120 1.502362 -2.674087 -1.000000
-1.0 1.0 -0.199697 -1.777243 2.597900 1.736789 -3.627605 -0.003374 4.364219 1.920539 1.000000
-1.0 1.0 0.005623 -0.030465 -2.391476 -2.560631 0.872834 5.136465 1.632084 -5.753082 -1.000000
-1.0 1.0 -3.317910 0.802483 1.834613 1.827799 -1.144240 1.717289 0.902587 0.116748 1.000000
-1.0 1.0 2.188527 -0.835665 -1.666369 -2.011408 -1.572112 2.291554 3.961930 0.083074 -1.000000
-1.0 1.0 -5.326353 -1.598339 3.816405 5.313713 3.075090 -3.176527 -6.428573 -0.899777 1.000000
-1.0 1.0 2.886155 2.020246 -0.080974 -1.259578 -0.620709 -1.038438 -3.557882 -0.444513 -1.000000
-1.0 1.0 -0.731156 0.963437 -1.877946 -3.158446 1.579936 2.752015 3.804152 1.068403 1.000000
-1.0 1.0 5.525743 1.187351 -3.191811 -1.723119 1.168972 0.790729 -1.483047 -0.443759 -1.000000
-1.0 1.0 -2.976894 0.657349 4.987460 2.880362 -1.177088 0.798873 -1.579746 -4.451631 1.000000
-1.0 1.0 -0.663054 -0.733457 -1.609000 -1.022151 0.774507 0.198207 0.234899 1.973714 -1.000000
-1.0 1.0 -2.427013 -1.170819 4.202122 5.741911 0.011275 -3.625137 -4.599402 -2.496897 1.000000
-1.0 1.0 0.212955 1.895974 -0.968390 -1.139399 -2.417966 0.050702 1.372674 -1.072849 -1.000000
-1.0 1.0 -1.152629 2.524673 5.226236 2.478952 -2.148065 -0.803716 1.930304 -1.179221 1.000000
-1.0 1.0 0.859571 -2.642278 -0.918544 0.961419 0.861715 2.238738 0.051224 -3.004388 -1.000000
-1.0 1.0 -5.891456 3.160188 5.892291 0.810830 -0.118588 -0.140317 -4.215091 -2.176798 1.000000
-1.0 1.0 3.609927 -5.622630 -7.342171 0.232861 5.457465 1.375536 -4.614831 -4.282750 -1.000000
-1.0 1.0 -0.542463 -2.025960 -2.960496 -0.408443 1.403599 2.628189 -0.590056 -1.798830 1.000000
-1.0 1.0 -5.668979 -3.656911 1.107546 3.418831 2.647335 -2.347198 -4.367974 -0.823255 -1.000000
-1.0 1.0 0.618327 -0.596119 0.941838 1.354310 -1.421962 -2.185799 -4.695624 -1.682595 1.000000
-1.0 1.0 1.977689 -1.211641 -1.261249 -0.277524 2.126608 2.796241 -3.889168 -5.940593 -1.000000
-1.0 1.0 -4.245767 -2.004716 3.170398 4.357383 1.892003 -2.150714 -1.443857 -1.190000 1.000000
-1.0 1.0 0.878956 0.176108 0.432691 -0.148892 1.106095 0.701935 1.486084 1.217671 -1.000000
-1.0 1.0 -0.609318 3.101799 3.645187 0.826695 -0.656799 -2.104498 0.217679 2.829964 1.000000
-1.0 1.0 -0.053352 -1.796173 -3.440859 -4.114282 1.360342 6.635147 2.709416 -1.364903 -1.000000
-1.0 1.0 -3.492623 -0.948175 2.661530 5.371131 1.098893 -2.484669 -4.169487 -3.255299 1.000000
-1.0 1.0 -1.869463 -1.203422 0.221956 1.611112 1.753566 -2.075173 -2.640781 0.181668 -1.000000
-1.0 1.0 -4.242835 3.734308 4.920808 0.589605 -2.891194 -0.849580 1.356211 -0.697654 1.000000
-1.0 1.0 4.437346 2.542614 -0.439294 -3.873255 -3.535971 -0.225748 3.175799 2.087764 -1.000000
-1.0 1.0 -1.221172 -0.111201 1.377272 3.024607 0.148797 0.674160 -2.420790 -4.569760 1.000000
-1.0 1.0 0.486026 1.210695 1.042857 -0.431857 -0.408313 -1.668634 -2.966375 -1.203004 -1.000000
-1.0 1.0 0.198373 0.218941 -3.099984 -6.575105 -0.550886 3.930751 -0.054820 4.187024 1.000000
-1.0 1.0 -2.153881 3.112744 2.728574 -4.599058 -1.856850 0.788463 0.555423 -0.103886 -1.000000
-1.0 1.0 -8.389366 1.100352 4.457885 -0.366947 -2.443939 0.130787 0.746419 2.747469 1.000000
-1.0 1.0 -1.694403 2.433090 3.986562 3.242972 -1.577650 -4.274717 0.205777 4.226025 -1.000000
-1.0 1.0 -5.558045 -1.095267 2.845124 2.466452 2.417152 -0.710310 -2.194728 -2.704690 1.000000
-1.0 1.0 -4.478142 -1.168419 0.312125 2.368513 -1.625854 1.133791 3.103380 -0.210360 -1.000000
-1.0 1.0 -5.521967 0.332186 5.173364 2.000742 -1.200514 1.563299 -0.300526 -6.865301 1.000000
-1.0 1.0 2.446886 -0.056366 0.543208 -0.444827 -1.384518 -1.264904 1.934141 0.682920 -1.000000
-1.0 1.0 -5.288190 -4.999787 2.623963 5.232862 3.730461 -1.204489 -4.263684 -1.226169 1.000000
-1.0 1.0 2.870305 1.380800 -1.758067 0.603489 -0.327303 -2.104872 -0.493091 -0.017002 -1.000000
-1.0 1.0 -3.529152 -2.019907 2.354438 -0.288832 -2.718442 -0.265286 1.730998 0.588815 1.000000
-1.0 1.0 1.298115 2.442869 3.415066 -0.342459 -2.823439 0.444331 0.204153 0.434231 -1.000000
-1.0 1.0 -0.740893 0.217808 0.690050 0.599736 2.154113 1.767292 1.813632 0.799624 1.000000
-1.0 1.0 -3.269690 -1.729224 1.251744 2.001272 1.618329 -1.867210 0.035742 2.747449 -1.000000
-1.0 1.0 -6.525590 -4.747285 3.730816 8.604425 1.182248 -2.893587 -1.681759 -2.648665 1.000000
-1.0 1.0 0.759635 1.187523 -2.083185 -0.977835 2.188821 1.435084 -1.154247 -1.854613 -1.000000
-1.0 1.0 -6.828090 -3.506614 3.316069 3.573297 1.927818 0.549331 -1.165186 -2.161587 1.000000
-1.0 1.0 3.894884 -0.870663 -1.867942 -0.892051 0.483876 0.591109 -1.087960 -2.161912 -1.000000
-1.0 1.0 0.565191 0.635827 -3.901962 1.216489 1.876475 -0.063967 -1.341853 -2.838012 1.000000
-1.0 1.0 0.437761 -4.350533 -1.004406 3.841994 0.305684 1.721941 3.349893 -2.140478 -1.000000
-1.0 1.0 -3.223265 -3.853319 0.724606 3.793283 2.003295 -2.196697 -1.558262 1.988418 1.000000
-1.0 1.0 3.158171 -0.331268 -2.601465 -2.817788 0.578055 5.680808 0.648448 -7.770817 -1.000000
-1.0 1.0 -2.763573 -2.975880 1.299797 3.944753 0.328493 -2.090736 -1.421940 1.312747 1.000000
-1.0 1.0 1.387181 -1.923750 0.463626 -0.668921 -0.700829 3.350282 -0.697372 -4.283106 -1.000000
-1.0 1.0 -4.750550 2.404939 5.835845 4.085120 -5.155839 -6.760099 -2.222699 2.452016 1.000000
-1.0 1.0 0.501027 0.916458 -1.940736 -3.850548 -1.220091 2.381906 -0.600115 -0.122785 -1.000000
-1.0 1.0 -3.744805 0.578585 3.329555 2.928974 3.292951 -2.191043 -2.072425 0.741837 1.000000
-1.0 1.0 -0.920150 1.169267 1.195183 3.647898 0.833825 -4.167514 -1.968078 1.296423 -1.000000
-1.0 1.0 -3.676580 0.712810 5.692044 4.377929 0.021588 -2.925512 -2.805500 -4.556825 1.000000
-1.0 1.0 -0.395432 -2.330188 0.754101 3.354789 0.033996 -0.914432 0.042723 -1.817016 -1.000000
-1.0 1.0 -4.510933 0.110726 2.259169 3.628136 1.560052 -1.145539 -2.255878 -2.181974 1.000000
-1.0 1.0 2.503070 -7.317565 -6.250307 -3.932216 -0.247718 6.602481 7.778683 1.184910 -1.000000
-1.0 1.0 -3.282052 -2.467250 2.705110 3.360947 -0.717905 -2.611597 0.436975 1.522908 1.000000
-1.0 1.0 -0.284388 5.336940 3.485784 -1.455122 0.537674 3.634478 -4.144498 -7.178026 -1.000000
-1.0 1.0 -2.878765 -0.506789 3.423310 2.572846 -2.401046 0.522616 1.660540 -0.994563 1.000000
-1.0 1.0 3.261211 0.286782 -2.831847 -1.227225 5.741072 6.515180 -4.357243 -10.918481 -1.000000
-1.0 1.0 -2.803551 3.294230 8.108215 5.273279 -3.470034 -5.092902 0.356645 2.168246 1.000000
-1.0 1.0 -0.124948 -0.172215 -3.160225 -0.720502 5.591305 0.368314 -6.291388 -5.541308 -1.000000
-1.0 1.0 -1.948624 1.387635 0.601692 -2.888962 -0.377397 5.681329 2.124462 -5.810705 1.000000
-1.0 1.0 4.326792 -1.724369 -2.319969 1.054176 -0.896441 -0.730974 1.599568 0.190215 -1.000000
-1.0 1.0 -4.693395 -1.518820 1.664578 2.163366 2.560912 0.334875 -1.464342 0.317317 1.000000
-1.0 1.0 -2.454066 2.684737 3.537948 0.995193 0.784712 0.907680 -4.565029 -3.031563 -1.000000
-1.0 1.0 -3.480607 -8.467972 -1.017017 1.174085 0.480780 2.651174 3.131029 0.443785 1.000000
-1.0 1.0 -2.042752 -2.110875 2.216188 -0.646424 -5.042476 -0.827560 3.456878 4.338836 -1.000000
-1.0 1.0 -1.073254 -0.925409 0.147682 -2.218652 -1.630690 1.821974 0.061599 0.864924 1.000000
-1.0 1.0 -0.119921 2.962644 -0.679557 1.121278 0.216787 -3.903887 -2.123458 -0.004047 -1.000000
-1.0 1.0 -3.903833 -1.511539 5.108968 1.561090 -4.365301 -0.552900 2.005287 3.345111 1.000000
-1.0 1.0 0.554083 0.201515 -3.559842 -1.149876 2.368394 2.379606 1.529773 -0.134169 -1.000000
-1.0 1.0 -3.065217 3.030972 2.645667 0.707359 -0.702047 -2.353383 -1.764597 1.590559 1.000000
-1.0 1.0 4.032618 5.501557 -0.112059 -1.028184 -2.972056 -3.029855 -0.562536 0.851835 -1.000000
-1.0 1.0 -4.386130 1.784305 6.681323 2.128075 -2.449482 -1.364031 -3.392029 -3.106422 1.000000
-1.0 1.0 2.830064 0.245505 -1.756163 0.378778 0.079839 -0.217684 3.471564 0.292195 -1.000000
-1.0 1.0 -1.319731 1.347904 1.186632 2.229418 -0.373000 -2.043434 0.269769 1.081115 1.000000
-1.0 1.0 2.671454 -4.650622 -4.390227 -0.507204 2.642989 2.049130 -0.375994 -0.592603 -1.000000
-1.0 1.0 -3.730142 -2.731637 1.179530 5.147041 2.829698 -5.197522 -2.316666 2.037192 1.000000
-1.0 1.0 -1.639760 -1.345433 -0.423048 1.328689 0.659045 -1.465554 -1.521947 0.458376 -1.000000
-1.0 1.0 -3.678373 -0.201121 3.050329 2.138164 -1.720746 -1.144532 2.258638 1.424978 1.000000
-1.0 1.0 -1.182292 -1.408258 1.330462 -3.859390 -5.015483 2.887732 7.026383 0.911512 -1.000000
-1.0 1.0 -5.235082 -6.942879 2.816410 8.940702 1.791115 -6.751893 -2.261010 7.057403 1.000000
-1.0 1.0 -1.118402 -2.956122 -2.061545 3.573122 4.508937 -0.882484 -5.279304 -4.884722 -1.000000
-1.0 1.0 -4.062807 -5.697480 1.315056 3.602335 2.195478 0.371022 -0.101015 0.364377 1.000000
-1.0 1.0 -4.162902 -3.227024 2.290931 3.154329 0.277082 -0.574469 2.104971 -0.323906 -1.000000
-1.0 1.0 -0.406359 0.897276 -0.933849 -2.916501 0.223728 5.535339 1.445101 -1.792790 1.000000
-1.0 1.0 3.940620 -1.832268 -6.618470 -1.014788 4.941696 2.877843 -0.387136 -2.266623 -1.000000
-1.0 1.0 -0.340355 0.162404 1.839713 0.787412 0.983936 0.685791 -1.281537 -0.791304 1.000000
-1.0 1.0 -0.984996 1.333799 2.235982 -0.196217 -1.734081 -1.810824 -0.954939 1.576718 -1.000000
-1.0 1.0 -2.306723 3.177659 3.359647 2.941375 2.128806 -1.559714 -3.935964 -4.285819 1.000000
-1.0 1.0 -1.741175 -2.402591 0.664641 0.645715 -1.243341 0.930457 1.434304 -0.138195 -1.000000
-1.0 1.0 0.230819 3.143622 4.845421 0.031528 -5.652319 -3.103206 4.700536 2.488695 1.000000
-1.0 1.0 -2.301151 -1.974858 -3.060821 -2.605541 1.153572 4.983414 2.777836 0.016713 -1.000000
-1.0 1.0 -4.306176 2.912750 1.984704 1.147393 4.461244 -2.035257 -2.466252 -2.226463 1.000000
-1.0 1.0 -2.239468 -1.113781 1.794478 0.301920 -1.709008 -3.185910 -1.108558 5.280745 -1.000000
-1.0 1.0 -3.299337 0.601687 1.961266 2.935287 1.178510 0.064148 0.276425 -1.003604 1.000000
-1.0 1.0 1.718249 5.073059 2.013395 -0.277711 -2.779830 -4.052540 0.716940 4.425186 -1.000000
-1.0 1.0 -3.847378 -0.796736 4.243283 2.243748 -0.679451 0.493295 1.349790 -1.340160 1.000000
-1.0 1.0 1.531880 3.123462 2.023259 -1.787680 -2.135595 -2.009566 0.807565 3.678433 -1.000000
-1.0 1.0 -5.935080 1.016693 6.632200 2.681055 -3.615540 -2.205715 -0.231340 0.960953 1.000000
-1.0 1.0 0.274145 5.475119 5.864257 -2.236041 -6.237972 -2.660380 2.042740 2.088098 -1.000000
-1.0 1.0 -3.145814 -0.962600 2.623532 4.320503 -0.539195 -2.764124 -2.613353 1.144792 1.000000
-1.0 1.0 -4.339816 1.648700 2.617233 -2.253733 -2.023007 5.920268 2.933074 -0.914614 -1.000000
-1.0 1.0 -1.600169 3.158188 5.010370 2.639584 -1.070170 -2.288176 1.112513 1.457072 1.000000
-1.0 1.0 4.830023 1.291325 -1.534312 -4.622998 -1.891123 0.208050 4.986884 3.724987 -1.000000
-1.0 1.0 -0.245180 -5.011513 0.461231 3.286610 -1.914382 -4.407307 0.999474 1.849106 1.000000
-1.0 1.0 -2.349445 0.038272 1.541355 1.879037 0.052147 -0.647133 0.542037 -3.078001 -1.000000
-1.0 1.0 -0.455666 1.503181 3.353777 3.962089 -0.219435 -4.201976 -0.821108 1.403832 1.000000
-1.0 1.0 -2.309749 -1.453884 2.884452 4.180348 -0.900178 -4.911880 -3.199117 2.648898 -1.000000
-1.0 1.0 -2.168737 0.644487 4.659661 0.914830 -3.161026 -3.382214 -0.856477 1.202087 1.000000
-1.0 1.0 1.631705 -2.552743 -2.886940 0.462596 2.362401 1.427768 -2.393022 -2.248785 -1.000000
-1.0 1.0 -8.384284 -0.956850 6.201239 6.457765 1.617209 -2.374391 -2.753598 0.112450 1.000000
-1.0 1.0 1.319447 -0.511993 -1.839016 -6.101551 -3.899966 4.589843 7.071349 2.183865 -1.000000
-1.0 1.0 -3.832595 -0.072715 6.711252 5.119518 -1.090937 -5.776388 -5.583952 2.860939 1.000000
-1.0 1.0 1.666633 1.405819 0.987734 -3.548511 -2.454335 2.956163 3.066412 -1.547064 -1.000000
-1.0 1.0 -3.079586 -2.495785 0.182339 2.647443 1.983931 -0.070385 0.079953 0.218364 1.000000
-1.0 1.0 2.230037 -0.354102 -4.078817 -5.416902 2.054068 4.031324 2.919265 0.885744 -1.000000
-1.0 1.0 -0.039584 2.369090 0.552165 -0.052447 1.125894 1.999948 -0.077376 -2.559939 1.000000
-1.0 1.0 1.883254 -1.567883 -3.440283 -2.880150 1.562585 4.088453 2.094965 0.323298 -1.000000
-1.0 1.0 1.721271 -1.307801 -0.198497 1.260211 -2.267600 -3.517610 3.087466 5.225580 1.000000
-1.0 1.0 1.800228 0.312643 -2.011846 -4.390862 0.028195 3.426607 4.755103 -0.267851 -1.000000
-1.0 1.0 -6.727137 -3.604492 5.828597 5.932298 -0.517123 -2.949373 -2.304878 3.184945 1.000000
-1.0 1.0 -0.185603 1.316739 -2.382370 -4.480593 -0.396653 4.737318 3.631870 -0.845090 -1.000000
-1.0 1.0 -4.083822 0.380721 4.042462 0.663962 -2.334094 0.194314 0.904016 -1.700490 1.000000
-1.0 1.0 0.231458 -0.761108 -0.515917 -0.098960 -2.049764 1.146511 -0.700647 -0.107841 -1.000000
-1.0 1.0 -3.374581 -4.292170 -1.006779 3.682542 1.216345 -0.861560 0.926855 -2.023612 1.000000
-1.0 1.0 -0.381756 0.315176 0.300406 -1.824349 -2.584031 -0.145023 1.631889 0.912922 -1.000000
-1.0 1.0 -0.220699 -1.079952 1.502167 5.090010 1.472390 -3.744211 -2.505637 0.991052 1.000000
-1.0 1.0 0.559421 2.253340 -0.183388 2.341536 0.485288 -4.204415 -1.869014 -1.491681 -1.000000
-1.0 1.0 -3.355329 2.185439 3.066008 0.274819 2.037086 1.489250 -1.800075 -2.197492 1.000000
-1.0 1.0 -1.657779 3.263749 0.397168 -7.314500 -4.075203 3.703616 4.094421 -0.737403 -1.000000
-1.0 1.0 -7.333825 -4.360963 6.420621 6.987150 -0.805804 -3.454520 -1.436668 2.551438 1.000000
-1.0 1.0 -0.774917 -5.022941 -2.597159 1.733225 2.279423 -4.020933 -1.793995 4.388552 -1.000000
-1.0 1.0 0.673253 -1.232499 0.511099 2.195409 0.488903 -2.996969 -1.943185 2.636869 1.000000
-1.0 1.0 2.966917 1.421024 -1.258207 -2.704771 -2.391775 2.243658 0.840176 -3.135765 -1.000000
-1.0 1.0 -4.088748 -3.434590 2.851638 5.254955 3.338324 -0.786350 -5.068569 -3.513240 1.000000
-1.0 1.0 -0.220659 0.898975 1.084031 -0.010948 1.632164 2.451976 -0.184672 -3.978050 -1.000000
-1.0 1.0 -4.364329 0.344764 -1.594972 -0.034482 4.876773 0.564013 -1.810836 -0.169354 1.000000
-1.0 1.0 -1.226148 1.363611 4.689692 -2.978211 -6.868749 -0.794854 6.758161 5.027244 -1.000000
-1.0 1.0 -1.515278 -1.574502 1.329450 -0.678064 -1.151142 2.870337 2.532087 -2.135407 1.000000
-1.0 1.0 -1.809336 3.167680 1.981556 -3.282900 -4.975288 -0.426607 4.677257 4.498718 -1.000000
-1.0 1.0 -1.609540 -5.457908 -0.412762 2.467912 -2.532323 -3.818811 2.350916 2.535692 1.000000
-1.0 1.0 3.042637 0.263379 -3.967188 -4.144753 -2.025343 3.095839 3.190267 -1.095455 -1.000000
-1.0 1.0 -3.563712 -1.527111 3.242237 2.248982 -0.738918 -0.123182 0.987935 0.695614 1.000000
-1.0 1.0 -0.397878 6.144194 2.060254 -5.408478 -5.707565 -0.817126 4.313437 3.573956 -1.000000
-1.0 1.0 -7.296905 -3.083167 4.761866 5.508348 1.403442 -1.137801 -0.621329 0.250379 1.000000
-1.0 1.0 -3.754955 1.045315 -2.984816 -8.466455 -1.553892 8.811989 8.814338 -1.603378 -1.000000
-1.0 1.0 -4.367865 3.912190 8.698978 2.752314 -4.083454 -3.610674 0.553319 2.130164 1.000000
-1.0 1.0 -5.436601 2.194480 4.138681 -2.828854 -6.377727 -1.235710 4.665228 4.894380 -1.000000
-1.0 1.0 -7.509996 0.350040 6.957113 3.230764 -1.376791 -0.653053 0.727255 -0.014624 1.000000
-1.0 1.0 -3.766126 -3.568130 1.545911 4.594823 3.330319 -0.354945 -8.132681 -6.396085 -1.000000
-1.0 1.0 -6.475921 -2.108681 5.461756 6.967124 0.397059 -6.723194 -4.181549 2.421654 1.000000
-1.0 1.0 -4.252795 -0.848800 2.333644 3.860841 1.212649 -2.118480 -2.700862 0.527063 -1.000000
-1.0 1.0 -2.612004 0.073679 1.417481 0.301433 -0.995429 -1.367497 -0.462156 1.725849 1.000000
-1.0 1.0 3.125507 -0.056964 -2.616846 -1.272393 -0.339035 -0.038037 -0.389862 0.071481 -1.000000
-1.0 1.0 -6.409677 -4.699746 3.839568 7.058848 2.014998 -3.407396 -2.957765 -0.124274 1.000000
-1.0 1.0 3.338050 3.906039 -3.586925 -8.146259 -5.095115 6.241860 5.987285 0.627625 -1.000000
-1.0 1.0 -1.977808 2.926895 7.374263 2.782876 -1.545565 -3.517916 -1.770694 -1.195526 1.000000
-1.0 1.0 2.562471 -3.125515 -5.275738 -1.193450 2.601257 3.158536 -0.454004 -0.992440 -1.000000
-1.0 1.0 -1.227023 4.887828 4.186121 -2.005495 -4.570120 -0.348562 3.568867 1.809276 1.000000
-1.0 1.0 0.730934 2.265056 3.335316 2.405315 2.096792 -4.266462 -4.738437 3.034003 -1.000000
-1.0 1.0 4.391004 0.211869 -2.426732 -1.329519 -1.215836 1.267098 1.049840 0.648232 1.000000
-1.0 1.0 3.899066 -1.176103 -3.226435 -0.084755 1.818083 3.112272 0.472377 -3.039708 -1.000000
-1.0 1.0 -3.417420 0.395011 4.566182 5.634594 -1.560945 -5.545449 -2.298279 1.076906 1.000000
-1.0 1.0 6.215946 -1.406303 -5.150658 -2.083276 -1.779230 -1.438261 0.879784 2.338469 -1.000000
-1.0 1.0 -6.286238 0.916594 5.435676 4.283850 -0.899046 -3.187453 -0.246835 0.336518 1.000000
-1.0 1.0 -1.774934 -0.363379 2.188584 2.122989 0.315925 -1.710375 1.433030 1.207927 -1.000000
-1.0 1.0 -1.694393 -1.513308 4.464706 0.962615 -1.297785 -0.311854 -0.459064 -3.091365 1.000000
-1.0 1.0 2.125095 2.754062 -0.379898 -3.515376 0.515914 4.473472 -1.506440 -4.311722 -1.000000
-1.0 1.0 -2.915890 -2.655903 0.903094 0.520941 0.477593 2.939831 1.305158 -1.779422 1.000000
-1.0 1.0 3.546889 -0.091219 -4.953753 -7.725940 -0.800360 9.654719 7.120036 -1.355887 -1.000000
-1.0 1.0 -1.439564 0.344588 1.865273 1.861323 -0.237371 -4.966794 -1.419186 -1.366054 1.000000
-1.0 1.0 0.275599 2.515389 0.962058 -2.878350 -1.852887 1.138669 -0.566454 -0.329815 -1.000000
-1.0 1.0 -0.465858 -2.212186 0.510091 3.734220 2.529558 -2.007629 -2.416827 -0.342735 1.000000
-1.0 1.0 3.848154 0.147533 -3.369457 -1.483600 -0.777166 -0.217432 0.863024 1.331201 -1.000000
-1.0 1.0 -1.887156 -5.000748 1.016556 4.798933 -0.495139 -2.624822 -0.608507 5.014490 1.000000
-1.0 1.0 0.757018 -1.441679 -2.576708 -1.569334 3.478971 1.919205 1.162485 -0.430190 -1.000000
-1.0 1.0 -8.089694 2.027364 8.880960 6.634790 -3.182679 -6.054399 -2.475958 -0.037141 1.000000
-1.0 1.0 2.542048 -0.779797 -1.900246 -3.118008 1.292663 3.683176 2.655717 -1.867401 -1.000000
-1.0 1.0 -3.220181 -0.014406 4.184885 4.449943 -0.103449 -3.670092 -4.340993 -0.440849 1.000000
-1.0 1.0 0.566643 3.697709 -0.077679 -5.532976 -1.461676 4.589621 5.904258 -0.227730 -1.000000
-1.0 1.0 -2.943863 -2.952758 1.148257 1.720168 0.467326 -0.484226 -1.066063 2.624642 1.000000
-1.0 1.0 2.078898 4.000101 -1.225957 -2.112907 1.486126 3.328172 -1.393874 -5.712430 -1.000000
-1.0 1.0 -4.582990 4.103956 8.163847 2.780022 0.450818 -3.494260 -3.508362 -0.571109 1.000000
-1.0 1.0 2.195954 0.501007 -1.817528 -6.147841 -4.606004 4.301183 7.532639 1.506334 -1.000000
-1.0 1.0 -3.183642 4.270502 4.861231 -0.374239 -2.775332 -0.832962 3.237930 1.368704 1.000000
-1.0 1.0 0.570950 -0.856684 1.002970 1.853958 1.791427 -1.134000 -3.507238 -4.105795 -1.000000
-1.0 1.0 -2.342335 1.332622 3.272779 2.489358 -1.784857 -2.270412 -0.341205 0.879795 1.000000
-1.0 1.0 -2.274629 -0.484915 1.206816 -0.990816 -0.070282 1.037375 1.679907 -0.317332 -1.000000
-1.0 1.0 -4.306102 -3.046876 0.953171 4.430323 1.420648 -1.130578 0.027250 -0.648235 1.000000
-1.0 1.0 1.730358 -0.722697 3.804775 2.439404 -4.028631 -3.809461 -0.129363 1.047513 -1.000000
-1.0 1.0 -4.414309 4.953886 8.923933 0.732931 -3.095018 -0.434650 1.859131 -0.511676 1.000000
-1.0 1.0 3.113547 -1.612422 -3.583812 -1.174213 1.291840 4.781414 1.331464 -5.620719 -1.000000
-1.0 1.0 -4.051347 -2.662408 2.849080 4.794277 -0.299476 -1.756795 -0.063351 -0.048628 1.000000
-1.0 1.0 -0.627149 -0.091686 1.852481 0.976119 -0.850602 0.866107 -2.984644 -4.394834 -1.000000
-1.0 1.0 -3.662834 2.797435 5.942574 0.814983 -4.416065 -0.584334 3.614642 0.915452 1.000000
-1.0 1.0 -2.641771 1.339821 -0.671928 -1.884620 3.201016 4.026558 0.447612 -1.312529 -1.000000
-1.0 1.0 -2.514192 -1.765042 -0.052784 2.465612 2.475043 -0.748118 -1.354249 -0.538911 1.000000
-1.0 1.0 1.952405 -2.100583 -2.242462 -1.308741 1.712807 0.027155 -0.853357 0.768152 -1.000000
-1.0 1.0 -2.877062 2.382578 5.343438 0.995994 -1.367053 0.637793 0.585945 -2.126450 1.000000
-1.0 1.0 -2.193957 0.217127 3.666730 2.555789 -1.505810 -2.830086 -3.550430 0.161952 -1.000000
-1.0 1.0 -3.134823 -1.966147 1.062447 3.883453 2.461848 -0.424474 -0.722796 -0.335607 1.000000
-1.0 1.0 -0.253122 -3.855920 -3.120578 1.177755 6.023133 1.840932 -3.986136 0.190944 -1.000000
-1.0 1.0 1.645834 3.749275 1.965610 -4.854572 -4.710931 2.111365 5.332530 -0.829677 1.000000
-1.0 1.0 0.645292 0.653410 1.338467 -2.881090 -2.837215 -1.457229 -1.419572 -0.676027 -1.000000
-1.0 1.0 -3.815643 2.489051 5.665209 0.435639 -1.746249 -3.070258 -0.479755 1.776967 1.000000
-1.0 1.0 1.170461 3.761216 -1.467900 -2.343670 0.459096 -0.062615 0.388342 0.758569 -1.000000
-1.0 1.0 -0.134349 -1.878697 1.356859 3.451232 0.542667 -3.715968 -0.338983 3.327294 1.000000
-1.0 1.0 0.900181 -2.092648 -2.275646 -3.259174 0.376498 5.221210 1.828040 -2.517998 -1.000000
-1.0 1.0 -6.857072 -1.405647 7.429077 5.497013 -2.540952 -4.937457 -0.465419 0.506232 1.000000
